#
#nB[fm^-3]                nB/n0                 E/A NS[MeV]           E/A HIC[MeV]       
  0.010000                0.066667              940.811807            938.238948           
  0.020000                0.133333              940.940816            936.472267           
  0.030000                0.200000              941.053086            934.705138           
  0.040000                0.266667              941.153265            932.953558           
  0.050000                0.333333              941.315356            931.269514           
  0.060000                0.400000              941.581350            929.683960           
  0.070000                0.466667              941.997473            928.268596           
  0.080000                0.533333              942.550076            927.025226           
  0.090000                0.600000              942.575128            925.913567           
  0.100000                0.666667              943.230640            925.008831           
  0.110000                0.733333              944.063786            924.279309           
  0.120000                0.800000              944.926730            923.716475           
  0.130000                0.866667              945.860977            923.318236           
  0.140000                0.933333              946.894407            923.084457           
  0.150000                1.000000              948.021546            923.010511           
  0.160000                1.066667              949.240466            923.091313           
  0.170000                1.133333              950.548835            923.323809           
  0.180000                1.200000              951.944330            923.702733           
  0.190000                1.266667              953.424930            924.223894           
  0.200000                1.333333              954.988864            924.882677           
  0.210000                1.400000              956.634496            925.674547           
  0.220000                1.466667              958.359421            926.594244           
  0.230000                1.533333              960.162732            927.637756           
  0.240000                1.600000              962.042222            928.800042           
  0.250000                1.666667              963.996471            930.076678           
  0.260000                1.733333              966.023913            931.463350           
  0.270000                1.800000              968.122672            932.955453           
  0.280000                1.866667              970.291307            934.548951           
  0.290000                1.933333              972.527937            936.239562           
  0.300000                2.000000              974.830823            938.023208           
  0.310000                2.066667              977.198232            939.896036           
  0.320000                2.133333              979.628387            941.854256           
  0.330000                2.200000              982.119499            943.894213           
  0.340000                2.266667              984.669718            946.012357           
  0.350000                2.333333              987.277239            948.205293           
  0.360000                2.400000              989.940196            950.469700           
  0.370000                2.466667              992.656783            952.802450           
  0.380000                2.533333              995.425181            955.200504           
  0.390000                2.600000              998.243630            957.660981           
  0.400000                2.666667              1001.110378            960.181126           
  0.410000                2.733333              1004.023557            962.758155           
  0.420000                2.800000              1006.982557            965.389597           
  0.430000                2.866667              1009.984299            968.073158           
  0.440000                2.933333              1013.118082            970.806204           
  0.450000                3.000000              1016.436380            973.584973           
  0.460000                3.066667              1019.827439            976.385419           
  0.470000                3.133333              1023.246221            979.161967           
  0.480000                3.200000              1026.748108            982.047513           
  0.490000                3.266667              1030.329074            985.049616           
  0.500000                3.333333              1033.978606            988.156472           
  0.510000                3.400000              1037.823091            991.642715           
  0.520000                3.466667              1041.719507            995.221286           
  0.530000                3.533333              1045.621440            998.797961           
  0.540000                3.600000              1049.537890            1002.393502           
  0.550000                3.666667              1053.469314            1006.010780           
  0.560000                3.733333              1057.412392            1009.644276           
  0.570000                3.800000              1061.363977            1013.288458           
  0.580000                3.866667              1065.322408            1016.940748           
  0.590000                3.933333              1069.286463            1020.599346           
  0.600000                4.000000              1073.255210            1024.262964           
  0.610000                4.066667              1077.227904            1027.930613           
  0.620000                4.133333              1081.203945            1031.601546           
  0.630000                4.200000              1085.182836            1035.275187           
  0.640000                4.266667              1089.164154            1038.951067           
  0.650000                4.333333              1093.147551            1042.628832           
  0.660000                4.400000              1097.132711            1046.308179           
  0.670000                4.466667              1101.119380            1049.988872           
  0.680000                4.533333              1105.107305            1053.670723           
  0.690000                4.600000              1109.096284            1057.353588           
  0.700000                4.666667              1113.086124            1061.037337           
  0.710000                4.733333              1117.076643            1064.721845           
  0.720000                4.800000              1121.067691            1068.407038           
  0.730000                4.866667              1125.059108            1072.092825           
  0.740000                4.933333              1129.050765            1075.779150           
  0.750000                5.000000              1133.042549            1079.465942           
  0.760000                5.066667              1137.034330            1083.153166           
  0.770000                5.133333              1141.025986            1086.840772           
  0.780000                5.200000              1145.017413            1090.528723           
  0.790000                5.266667              1149.008510            1094.216977           
  0.800000                5.333333              1152.999160            1097.905494           
  0.810000                5.400000              1156.989294            1101.594256           
  0.820000                5.466667              1160.978811            1105.283209           
  0.830000                5.533333              1164.967637            1108.972348           
  0.840000                5.600000              1168.955654            1112.661620           
  0.850000                5.666667              1172.942826            1116.351042           
  0.860000                5.733333              1176.929030            1120.040536           
  0.870000                5.800000              1180.914214            1123.730108           
  0.880000                5.866667              1184.898304            1127.419725           
  0.890000                5.933333              1188.881232            1131.109351           
  0.900000                6.000000              1192.862910            1134.798961           
  0.910000                6.066667              1196.843278            1138.488532           
  0.920000                6.133333              1200.822284            1142.178051           
  0.930000                6.200000              1204.799839            1145.867473           
  0.940000                6.266667              1208.775910            1149.556789           
  0.950000                6.333333              1212.750404            1153.245956           
  0.960000                6.400000              1216.723287            1156.934962           
  0.970000                6.466667              1220.694490            1160.623760           
  0.980000                6.533333              1224.663956            1164.312337           
  0.990000                6.600000              1228.631648            1168.000684           
  1.000000                6.666667              1232.597490            1171.688747           
  1.010000                6.733333              1236.561421            1175.376496           
  1.020000                6.800000              1240.523437            1179.063940           
  1.030000                6.866667              1244.483459            1182.751041           
  1.040000                6.933333              1248.441421            1186.437729           
  1.050000                7.000000              1252.397283            1190.124005           
  1.060000                7.066667              1256.351037            1193.809869           
  1.070000                7.133333              1260.302605            1197.495265           
  1.080000                7.200000              1264.251961            1201.180120           
  1.090000                7.266667              1268.199033            1204.864562           
  1.100000                7.333333              1272.143838            1208.548432           
  1.110000                7.400000              1276.086248            1212.231645           
  1.120000                7.466667              1280.026299            1215.914323           
  1.130000                7.533333              1283.963937            1219.596435           
  1.140000                7.600000              1287.898863            1223.276875           
  1.150000                7.666667              1291.831462            1226.957422           
  1.160000                7.733333              1295.761640            1230.637618           
  1.170000                7.800000              1299.689534            1234.317997           
  1.180000                7.866667              1303.614531            1237.996599           
  1.190000                7.933333              1307.536879            1241.674383           
  1.200000                8.000000              1311.456571            1245.351377           
  1.210000                8.066667              1315.373592            1249.027562           
  1.220000                8.133333              1319.287860            1252.702862           
  1.230000                8.200000              1323.199399            1256.377311           
  1.240000                8.266667              1327.108148            1260.050845           
  1.250000                8.333333              1331.014121            1263.723481           
  1.260000                8.400000              1334.917215            1267.395123           
  1.270000                8.466667              1338.817493            1271.065835           
  1.280000                8.533333              1342.714851            1274.735509           
  1.290000                8.600000              1346.609322            1278.404192           
  1.300000                8.666667              1350.500854            1282.071818           
  1.310000                8.733333              1354.389431            1285.738377           
  1.320000                8.800000              1358.275056            1289.403870           
  1.330000                8.866667              1362.157631            1293.068194           
  1.340000                8.933333              1366.037221            1296.731423           
  1.350000                9.000000              1369.913766            1300.393493           
  1.360000                9.066667              1373.787227            1304.054359           
  1.370000                9.133333              1377.657621            1307.714032           
  1.380000                9.200000              1381.524928            1311.372497           
  1.390000                9.266667              1385.389112            1315.029707           
  1.400000                9.333333              1389.250155            1318.685648           
  1.410000                9.400000              1393.108044            1322.340304           
  1.420000                9.466667              1396.962765            1325.993649           
  1.430000                9.533333              1400.814339            1329.645708           
  1.440000                9.600000              1404.662667            1333.296373           
  1.450000                9.666667              1408.507780            1336.945662           
  1.460000                9.733333              1412.349673            1340.593587           
  1.470000                9.800000              1416.188324            1344.240091           
  1.480000                9.866667              1420.023706            1347.885170           
  1.490000                9.933333              1423.855820            1351.528806           
  1.500000               10.000000              1427.684695            1355.171018           
  1.510000               10.066667              1431.510229            1358.811706           
  1.520000               10.133333              1435.332445            1362.450878           
  1.530000               10.200000              1439.151366            1366.088558           
  1.540000               10.266667              1442.966957            1369.724704           
  1.550000               10.333333              1446.779205            1373.359290           
  1.560000               10.400000              1450.588088            1376.992289           
  1.570000               10.466667              1454.393628            1380.623717           
  1.580000               10.533333              1458.195791            1384.253535           
  1.590000               10.600000              1461.994577            1387.881736           
  1.600000               10.666667              1465.789974            1391.508293           
  1.610000               10.733333              1469.581958            1395.133178           
  1.620000               10.800000              1473.370553            1398.756405           
  1.630000               10.866667              1477.155743            1402.377954           
  1.640000               10.933333              1480.937479            1405.997765           
  1.650000               11.000000              1484.715800            1409.615865           
  1.660000               11.066667              1488.490713            1413.232265           
  1.670000               11.133333              1492.262155            1416.846883           
  1.680000               11.200000              1496.030172            1420.459761           
  1.690000               11.266667              1499.794723            1424.070837           
  1.700000               11.333333              1503.555834            1427.680146           
  1.710000               11.400000              1507.313474            1431.287643           
  1.720000               11.466667              1511.067639            1434.893300           
  1.730000               11.533333              1514.818313            1438.497109           
  1.740000               11.600000              1518.565526            1442.099092           
  1.750000               11.666667              1522.309261            1445.699216           
  1.760000               11.733333              1526.049513            1449.297462           
  1.770000               11.800000              1529.786249            1452.893796           
  1.780000               11.866667              1533.519507            1456.488244           
  1.790000               11.933333              1537.249273            1460.080776           
  1.800000               12.000000              1540.975542            1463.671393           
  1.810000               12.066667              1544.698279            1467.260028           
  1.820000               12.133333              1548.417537            1470.846750           
  1.830000               12.200000              1552.133304            1474.431525           
  1.840000               12.266667              1555.845538            1478.014298           
  1.850000               12.333333              1559.554234            1481.595050           
  1.860000               12.400000              1563.259436            1485.173829           
  1.870000               12.466667              1566.961149            1488.750631           
  1.880000               12.533333              1570.659291            1492.325338           
  1.890000               12.600000              1574.353942            1495.898059           
  1.900000               12.666667              1578.045090            1499.468743           
  1.910000               12.733333              1581.732722            1503.037376           
  1.920000               12.800000              1585.416782            1506.603898           
  1.930000               12.866667              1589.097329            1510.168352           
  1.940000               12.933333              1592.774393            1513.730759           
  1.950000               13.000000              1596.447915            1517.291050           
  1.960000               13.066667              1600.117910            1520.849229           
  1.970000               13.133333              1603.784381            1524.405295           
  1.980000               13.200000              1607.447340            1527.959240           
  1.990000               13.266667              1611.106764            1531.511042           
  2.000000               13.333333              1614.762679            1535.060713           
  2.010000               13.400000              1618.415055            1538.608203           
  2.020000               13.466667              1622.063918            1542.153546           
  2.030000               13.533333              1625.709265            1545.696716           
  2.040000               13.600000              1629.351095            1549.237711           
  2.050000               13.666667              1632.989396            1552.776492           
  2.060000               13.733333              1636.624192            1556.313101           
  2.070000               13.800000              1640.255474            1559.847491           
  2.080000               13.866667              1643.883249            1563.379683           
  2.090000               13.933333              1647.507484            1566.909609           
  2.100000               14.000000              1651.128248            1570.437363           
  2.110000               14.066667              1654.745490            1573.962844           
  2.120000               14.133333              1658.359212            1577.486073           
  2.130000               14.200000              1661.969428            1581.007041           
  2.140000               14.266667              1665.576180            1584.525785           
  2.150000               14.333333              1669.179409            1588.042243           
  2.160000               14.400000              1672.779145            1591.556420           
  2.170000               14.466667              1676.375349            1595.068280           
  2.180000               14.533333              1679.968129            1598.577912           
  2.190000               14.600000              1683.557370            1602.085191           
  2.200000               14.666667              1687.143153            1605.590201           
  2.210000               14.733333              1690.725460            1609.092908           
  2.220000               14.800000              1694.304254            1612.593257           
  2.230000               14.866667              1697.879594            1616.091310           
  2.240000               14.933333              1701.451453            1619.587021           
  2.250000               15.000000              1705.019845            1623.080408           
  2.260000               15.066667              1708.584773            1626.571447           
  2.270000               15.133333              1712.146237            1630.060138           
  2.280000               15.200000              1715.704262            1633.546499           
  2.290000               15.266667              1719.258789            1637.030444           
  2.300000               15.333333              1722.809901            1640.512074           
  2.310000               15.400000              1726.357524            1643.991284           
  2.320000               15.466667              1729.901743            1647.468173           
  2.330000               15.533333              1733.442493            1650.942640           
  2.340000               15.600000              1736.979813            1654.414728           
  2.350000               15.666667              1740.513718            1657.884443           
  2.360000               15.733333              1744.044170            1661.351729           
  2.370000               15.800000              1747.571204            1664.816631           
  2.380000               15.866667              1751.094823            1668.279125           
  2.390000               15.933333              1754.615040            1671.739228           
  2.400000               16.000000              1758.131811            1675.196870           
  2.410000               16.066667              1761.645199            1678.652123           
  2.420000               16.133333              1765.155150            1682.104912           
  2.430000               16.200000              1768.661758            1685.555332           
  2.440000               16.266667              1772.164929            1689.003266           
  2.450000               16.333333              1775.664721            1692.448784           
  2.460000               16.400000              1779.161132            1695.891859           
  2.470000               16.466667              1782.654167            1699.332489           
  2.480000               16.533333              1786.143819            1702.770665           
  2.490000               16.600000              1789.630089            1706.206370           
  2.500000               16.666667              1793.113014            1709.639636           
  2.510000               16.733333              1796.592572            1713.070444           
  2.520000               16.800000              1800.068771            1716.498778           
  2.530000               16.866667              1803.541607            1719.924638           
  2.540000               16.933333              1807.011051            1723.347968           
  2.550000               17.000000              1810.477238            1726.768916           
  2.560000               17.066667              1813.940080            1730.187368           
  2.570000               17.133333              1817.399588            1733.603349           
  2.580000               17.200000              1820.855727            1737.016787           
  2.590000               17.266667              1824.308596            1740.427795           
  2.600000               17.333333              1827.758107            1743.836266           
  2.610000               17.400000              1831.204384            1747.242329           
  2.620000               17.466667              1834.647228            1750.645760           
  2.630000               17.533333              1838.086859            1754.046779           
  2.640000               17.600000              1841.523181            1757.445288           
  2.650000               17.666667              1844.956166            1760.841232           
  2.660000               17.733333              1848.385942            1764.234751           
  2.670000               17.800000              1851.812423            1767.625741           
  2.680000               17.866667              1855.235612            1771.014201           
  2.690000               17.933333              1858.655530            1774.400143           
  2.700000               18.000000              1862.072235            1777.783615           
  2.710000               18.066667              1865.485573            1781.164458           
  2.720000               18.133333              1868.895812            1784.542944           
  2.730000               18.200000              1872.302670            1787.918757           
  2.740000               18.266667              1875.706341            1791.292103           
  2.750000               18.333333              1879.106832            1794.662970           
  2.760000               18.400000              1882.503953            1798.031172           
  2.770000               18.466667              1885.897971            1801.396968           
  2.780000               18.533333              1889.288715            1804.760174           
  2.790000               18.600000              1892.676358            1808.120955           
  2.800000               18.666667              1896.060630            1811.479045           
  2.810000               18.733333              1899.441842            1814.834727           
  2.820000               18.800000              1902.819767            1818.187780           
  2.830000               18.866667              1906.194514            1821.538307           
  2.840000               18.933333              1909.566144            1824.886358           
  2.850000               19.000000              1912.934576            1828.231845           
  2.860000               19.066667              1916.299776            1831.574722           
  2.870000               19.133333              1919.661846            1834.915101           
  2.880000               19.200000              1923.020789            1838.252954           
  2.890000               19.266667              1926.376599            1841.588299           
  2.900000               19.333333              1929.729196            1844.921027           
  2.910000               19.400000              1933.078665            1848.251215           
  2.920000               19.466667              1936.425015            1851.578868           
  2.930000               19.533333              1939.768237            1854.903976           
  2.940000               19.600000              1943.108347            1858.226545           
  2.950000               19.666667              1946.445329            1861.546554           
  2.960000               19.733333              1949.779157            1864.863977           
  2.970000               19.800000              1953.109923            1868.178886           
  2.980000               19.866667              1956.437632            1871.491285           
  2.990000               19.933333              1959.762138            1874.801014           
  3.000000               20.000000              1963.083678            1878.108328           
  3.010000               20.066667              1966.402095            1881.413041           
