#
#nB[fm^-3]                nB/n0                 E/A NS[MeV]           E/A HIC[MeV]       
  0.010000                0.066667              940.599443            937.977220           
  0.020000                0.133333              940.918337            936.340559           
  0.030000                0.200000              941.237222            934.703889           
  0.040000                0.266667              941.524231            933.035342           
  0.050000                0.333333              941.757308            931.312863           
  0.060000                0.400000              942.136115            929.736115           
  0.070000                0.466667              942.684321            928.328766           
  0.080000                0.533333              943.404021            927.092910           
  0.090000                0.600000              944.298501            926.031834           
  0.100000                0.666667              945.368446            925.146223           
  0.110000                0.733333              946.614400            924.436622           
  0.120000                0.800000              948.032214            923.898881           
  0.130000                0.866667              949.621372            923.532483           
  0.140000                0.933333              951.376971            923.332527           
  0.150000                1.000000              953.296854            923.296854           
  0.160000                1.066667              955.376098            923.420543           
  0.170000                1.133333              957.611204            923.700093           
  0.180000                1.200000              959.997672            924.131006           
  0.190000                1.266667              962.530340            924.708118           
  0.200000                1.333333              965.205103            925.427326           
  0.210000                1.400000              968.016846            926.283512           
  0.220000                1.466667              970.960196            927.271307           
  0.230000                1.533333              974.030498            928.386053           
  0.240000                1.600000              977.222709            929.622709           
  0.250000                1.666667              980.531599            930.976044           
  0.260000                1.733333              983.952202            932.441091           
  0.270000                1.800000              987.479560            934.012893           
  0.280000                1.866667              991.108922            935.686700           
  0.290000                1.933333              994.835538            937.457760           
  0.300000                2.000000              998.654693            939.321359           
  0.310000                2.066667              1002.556247            941.835969           
  0.320000                2.133333              1006.499237            945.327447           
  0.330000                2.200000              1010.464225            949.123378           
  0.340000                2.266667              1014.444517            953.086288           
  0.350000                2.333333              1018.436940            957.155987           
  0.360000                2.400000              1022.439691            961.298481           
  0.370000                2.466667              1026.451869            965.492745           
  0.380000                2.533333              1030.473042            969.724660           
  0.390000                2.600000              1034.502928            973.984629           
  0.400000                2.666667              1038.539791            978.081308           
  0.410000                2.733333              1042.579056            982.046098           
  0.420000                2.800000              1046.619402            985.952686           
  0.430000                2.866667              1050.660546            989.820079           
  0.440000                2.933333              1054.702535            993.657941           
  0.450000                3.000000              1058.745631            997.472335           
  0.460000                3.066667              1062.790117            1001.267423           
  0.470000                3.133333              1066.836359            1005.046325           
  0.480000                3.200000              1070.884667            1008.811415           
  0.490000                3.266667              1074.935360            1012.564785           
  0.500000                3.333333              1078.988747            1016.308100           
  0.510000                3.400000              1083.045063            1020.042730           
  0.520000                3.466667              1087.104591            1023.769759           
  0.530000                3.533333              1091.167527            1027.490382           
  0.540000                3.600000              1095.234050            1031.205502           
  0.550000                3.666667              1099.304319            1034.915805           
  0.560000                3.733333              1103.378475            1038.622103           
  0.570000                3.800000              1107.456621            1042.325048           
  0.580000                3.866667              1111.538824            1046.039236           
  0.590000                3.933333              1115.624773            1049.775781           
  0.600000                4.000000              1119.714383            1053.518963           
  0.610000                4.066667              1123.807675            1057.265599           
  0.620000                4.133333              1127.904647            1061.014438           
  0.630000                4.200000              1132.005327            1064.764751           
  0.640000                4.266667              1136.109744            1068.516351           
  0.650000                4.333333              1140.217918            1072.268976           
  0.660000                4.400000              1144.329828            1076.022603           
  0.670000                4.466667              1148.445503            1079.777201           
  0.680000                4.533333              1152.564915            1083.532800           
  0.690000                4.600000              1156.688073            1087.289426           
  0.700000                4.666667              1160.814930            1091.047139           
  0.710000                4.733333              1164.945469            1094.805956           
  0.720000                4.800000              1169.079650            1098.565972           
  0.730000                4.866667              1173.217446            1102.327201           
  0.740000                4.933333              1177.358781            1106.089722           
  0.750000                5.000000              1181.503657            1109.853553           
  0.760000                5.066667              1185.651978            1113.618783           
  0.770000                5.133333              1189.803708            1117.385380           
  0.780000                5.200000              1193.958780            1121.153438           
  0.790000                5.266667              1198.117147            1124.922960           
  0.800000                5.333333              1202.278736            1128.693978           
  0.810000                5.400000              1206.443479            1132.466515           
  0.820000                5.466667              1210.611320            1136.240569           
  0.830000                5.533333              1214.782194            1140.016200           
  0.840000                5.600000              1218.956016            1143.793347           
  0.850000                5.666667              1223.132721            1147.572061           
  0.860000                5.733333              1227.312261            1151.352356           
  0.870000                5.800000              1231.494553            1155.134196           
  0.880000                5.866667              1235.679520            1158.917613           
  0.890000                5.933333              1239.867098            1162.702552           
  0.900000                6.000000              1244.057219            1166.489056           
  0.910000                6.066667              1248.249811            1170.277091           
  0.920000                6.133333              1252.444815            1174.066642           
  0.930000                6.200000              1256.642138            1177.857703           
  0.940000                6.266667              1260.841734            1181.650235           
  0.950000                6.333333              1265.043527            1185.444251           
  0.960000                6.400000              1269.247451            1189.239724           
  0.970000                6.466667              1273.453440            1193.036602           
  0.980000                6.533333              1277.661421            1196.834902           
  0.990000                6.600000              1281.871344            1200.634584           
  1.000000                6.666667              1286.083137            1204.435621           
  1.010000                6.733333              1290.296722            1208.237987           
  1.020000                6.800000              1294.512082            1212.041682           
  1.030000                6.866667              1298.729113            1215.846653           
  1.040000                6.933333              1302.947769            1219.652867           
  1.050000                7.000000              1307.167965            1223.460285           
  1.060000                7.066667              1311.389700            1227.268949           
  1.070000                7.133333              1315.612862            1231.078738           
  1.080000                7.200000              1319.837433            1234.889699           
  1.090000                7.266667              1324.063328            1238.701747           
  1.100000                7.333333              1328.290509            1242.514878           
  1.110000                7.400000              1332.518901            1246.329050           
  1.120000                7.466667              1336.748505            1250.144272           
  1.130000                7.533333              1340.979197            1253.960446           
  1.140000                7.600000              1345.210998            1257.777612           
  1.150000                7.666667              1349.443831            1261.595723           
  1.160000                7.733333              1353.677613            1265.414695           
  1.170000                7.800000              1357.912343            1269.234558           
  1.180000                7.866667              1362.147955            1273.055265           
  1.190000                7.933333              1366.384385            1276.876743           
  1.200000                8.000000              1370.621640            1280.699051           
  1.210000                8.066667              1374.859628            1284.522083           
  1.220000                8.133333              1379.098292            1288.345803           
  1.230000                8.200000              1383.337679            1292.170274           
  1.240000                8.266667              1387.577667            1295.995383           
  1.250000                8.333333              1391.818247            1299.821132           
  1.260000                8.400000              1396.059352            1303.647460           
  1.270000                8.466667              1400.300983            1307.474390           
  1.280000                8.533333              1404.543065            1311.301834           
  1.290000                8.600000              1408.785606            1315.129842           
  1.300000                8.666667              1413.028524            1318.958303           
  1.310000                8.733333              1417.271835            1322.787272           
  1.320000                8.800000              1421.515438            1326.616636           
  1.330000                8.866667              1425.759332            1330.446404           
  1.340000                8.933333              1430.003517            1334.276590           
  1.350000                9.000000              1434.247908            1338.107100           
  1.360000                9.066667              1438.492534            1341.937992           
  1.370000                9.133333              1442.737301            1345.769148           
  1.380000                9.200000              1446.982219            1349.600607           
  1.390000                9.266667              1451.227211            1353.432278           
  1.400000                9.333333              1455.472316            1357.264214           
  1.410000                9.400000              1459.717468            1361.096343           
  1.420000                9.466667              1463.962676            1364.928695           
  1.430000                9.533333              1468.207838            1368.761151           
  1.440000                9.600000              1472.452980            1372.593754           
  1.450000                9.666667              1476.698076            1376.426467           
  1.460000                9.733333              1480.943087            1380.259255           
  1.470000                9.800000              1485.188023            1384.092150           
  1.480000                9.866667              1489.432818            1387.925059           
  1.490000                9.933333              1493.677463            1391.757989           
  1.500000               10.000000              1497.921948            1395.590921           
  1.510000               10.066667              1502.166218            1399.423818           
  1.520000               10.133333              1506.410299            1403.256689           
  1.530000               10.200000              1510.654137            1407.089499           
  1.540000               10.266667              1514.897711            1410.922196           
  1.550000               10.333333              1519.141023            1414.754814           
  1.560000               10.400000              1523.384034            1418.587299           
  1.570000               10.466667              1527.626754            1422.419660           
  1.580000               10.533333              1531.869108            1426.251822           
  1.590000               10.600000              1536.111124            1430.083809           
  1.600000               10.666667              1540.352802            1433.915637           
  1.610000               10.733333              1544.594067            1437.747200           
  1.620000               10.800000              1548.834938            1441.578542           
  1.630000               10.866667              1553.075367            1445.409595           
  1.640000               10.933333              1557.315402            1449.240418           
  1.650000               11.000000              1561.554939            1453.070904           
  1.660000               11.066667              1565.794063            1456.901130           
  1.670000               11.133333              1570.032671            1460.730995           
  1.680000               11.200000              1574.270790            1464.560517           
  1.690000               11.266667              1578.508421            1468.389708           
  1.700000               11.333333              1582.745508            1472.218494           
  1.710000               11.400000              1586.982088            1476.046926           
  1.720000               11.466667              1591.218094            1479.874923           
  1.730000               11.533333              1595.453566            1483.702523           
  1.740000               11.600000              1599.688437            1487.529660           
  1.750000               11.666667              1603.922716            1491.356347           
  1.760000               11.733333              1608.156432            1495.182590           
  1.770000               11.800000              1612.389510            1499.008325           
  1.780000               11.866667              1616.621967            1502.833576           
  1.790000               11.933333              1620.853824            1506.658334           
  1.800000               12.000000              1625.085033            1510.482565           
  1.810000               12.066667              1629.315576            1514.306250           
  1.820000               12.133333              1633.545461            1518.129395           
  1.830000               12.200000              1637.774670            1521.951967           
  1.840000               12.266667              1642.003194            1525.773962           
  1.850000               12.333333              1646.231041            1529.595376           
  1.860000               12.400000              1650.458175            1533.416172           
  1.870000               12.466667              1654.684633            1537.236405           
  1.880000               12.533333              1658.910322            1541.055943           
  1.890000               12.600000              1663.135315            1544.874881           
  1.900000               12.666667              1667.359576            1548.693176           
  1.910000               12.733333              1671.583076            1552.510796           
  1.920000               12.800000              1675.805854            1556.327758           
  1.930000               12.866667              1680.027843            1560.144018           
  1.940000               12.933333              1684.249090            1563.959595           
  1.950000               13.000000              1688.469576            1567.774485           
  1.960000               13.066667              1692.689265            1571.588640           
  1.970000               13.133333              1696.908183            1575.402087           
  1.980000               13.200000              1701.126285            1579.214752           
  1.990000               13.266667              1705.343636            1583.026735           
  2.000000               13.333333              1709.560141            1586.837924           
  2.010000               13.400000              1713.775858            1590.648360           
  2.020000               13.466667              1717.990758            1594.458023           
  2.030000               13.533333              1722.204822            1598.266879           
  2.040000               13.600000              1726.418061            1602.074947           
  2.050000               13.666667              1730.630454            1605.882201           
  2.060000               13.733333              1734.842058            1609.688684           
  2.070000               13.800000              1739.052799            1613.488330           
  2.080000               13.866667              1743.262628            1617.273092           
  2.090000               13.933333              1747.471557            1621.049356           
  2.100000               14.000000              1751.679500            1624.818925           
  2.110000               14.066667              1755.886503            1628.582845           
  2.120000               14.133333              1760.092540            1632.341711           
  2.130000               14.200000              1764.297572            1636.095954           
  2.140000               14.266667              1768.501599            1639.845928           
  2.150000               14.333333              1772.704594            1643.591847           
  2.160000               14.400000              1776.906574            1647.334012           
  2.170000               14.466667              1781.107522            1651.072571           
  2.180000               14.533333              1785.307418            1654.807675           
  2.190000               14.600000              1789.506281            1658.539497           
  2.200000               14.666667              1793.704102            1662.268137           
  2.210000               14.733333              1797.900834            1665.993671           
  2.220000               14.800000              1802.096524            1669.716251           
  2.230000               14.866667              1806.291143            1673.435927           
  2.240000               14.933333              1810.484673            1677.152781           
  2.250000               15.000000              1814.677114            1680.866885           
  2.260000               15.066667              1818.868504            1684.578333           
  2.270000               15.133333              1823.058804            1688.287162           
  2.280000               15.200000              1827.248006            1691.993411           
  2.290000               15.266667              1831.436137            1695.697189           
  2.300000               15.333333              1835.623189            1699.398506           
  2.310000               15.400000              1839.809114            1703.097388           
  2.320000               15.466667              1843.993950            1706.793896           
  2.330000               15.533333              1848.177696            1710.488084           
  2.340000               15.600000              1852.360345            1714.179979           
  2.350000               15.666667              1856.541866            1717.869588           
  2.360000               15.733333              1860.722326            1721.557015           
  2.370000               15.800000              1864.901679            1725.242241           
  2.380000               15.866667              1869.079933            1728.925315           
  2.390000               15.933333              1873.257060            1732.606227           
  2.400000               16.000000              1877.433117            1736.285065           
  2.410000               16.066667              1881.608010            1739.961767           
  2.420000               16.133333              1885.781898            1743.636513           
  2.430000               16.200000              1889.954584            1747.309128           
  2.440000               16.266667              1894.126209            1750.979766           
  2.450000               16.333333              1898.296821            1754.648519           
  2.460000               16.400000              1902.466230            1758.315223           
  2.470000               16.466667              1906.634550            1761.979972           
  2.480000               16.533333              1910.801819            1765.642852           
  2.490000               16.600000              1914.967886            1769.303717           
  2.500000               16.666667              1919.132957            1772.962809           
  2.510000               16.733333              1923.296949            1776.620041           
  2.520000               16.800000              1927.459748            1780.275325           
  2.530000               16.866667              1931.621487            1783.928802           
  2.540000               16.933333              1935.782127            1787.580460           
  2.550000               17.000000              1939.941696            1791.230336           
  2.560000               17.066667              1944.100139            1794.878381           
  2.570000               17.133333              1948.257558            1798.524706           
  2.580000               17.200000              1952.413879            1802.169277           
  2.590000               17.266667              1956.569064            1805.812022           
  2.600000               17.333333              1960.723216            1809.453097           
  2.610000               17.400000              1964.876241            1813.092396           
  2.620000               17.466667              1969.028224            1816.730034           
  2.630000               17.533333              1973.179052            1820.365887           
  2.640000               17.600000              1977.328914            1824.000165           
  2.650000               17.666667              1981.477639            1827.632709           
  2.660000               17.733333              1985.625265            1831.263556           
  2.670000               17.800000              1989.771849            1834.892774           
  2.680000               17.866667              1993.917344            1838.520316           
  2.690000               17.933333              1998.061788            1842.146255           
  2.700000               18.000000              2002.205171            1845.770570           
  2.710000               18.066667              2006.347473            1849.393244           
  2.720000               18.133333              2010.488715            1853.014319           
  2.730000               18.200000              2014.628952            1856.633842           
  2.740000               18.266667              2018.768072            1860.251725           
  2.750000               18.333333              2022.906112            1863.867995           
  2.760000               18.400000              2027.043213            1867.482807           
  2.770000               18.466667              2031.179169            1871.095969           
  2.780000               18.533333              2035.314064            1874.707556           
  2.790000               18.600000              2039.447963            1878.317647           
  2.800000               18.666667              2043.580792            1881.926182           
  2.810000               18.733333              2047.712570            1885.533160           
  2.820000               18.800000              2051.843305            1889.138617           
  2.830000               18.866667              2055.973036            1892.742581           
  2.840000               18.933333              2060.101696            1896.345003           
  2.850000               19.000000              2064.229380            1899.945980           
  2.860000               19.066667              2068.355965            1903.545394           
  2.870000               19.133333              2072.481593            1907.143378           
  2.880000               19.200000              2076.606141            1910.739826           
  2.890000               19.266667              2080.729684            1914.334817           
  2.900000               19.333333              2084.852185            1917.928319           
  2.910000               19.400000              2088.973681            1921.520373           
  2.920000               19.466667              2093.094154            1925.110942           
  2.930000               19.533333              2097.213660            1928.700123           
  2.940000               19.600000              2101.332077            1932.287775           
  2.950000               19.666667              2105.449592            1935.874091           
  2.960000               19.733333              2109.565990            1939.458860           
  2.970000               19.800000              2113.681449            1943.042254           
  2.980000               19.866667              2117.795866            1946.624200           
  2.990000               19.933333              2121.909335            1950.204785           
  3.000000               20.000000              2126.021771            1953.783893           
  3.010000               20.066667              2130.133239            1957.361634           
