# DNS(CMF) hadronic no electrons EOS from CompOSE: https://compose.obspm.fr/eos/117
#
# n0   = 0.15       fm^-3   
# E0   = -16.0      MeV
# K0   = 300.0      MeV
# Esym = 30.0       MeV
# Lsym = 88.0       MeV
# Ksym = 0.0        MeV
# mN   = 939.565421 MeV
# mP   = 938.272088 MeV
#
#             T [MeV]                     nB [fm^-3]                   YQ         pressure P [MeV fm^-3]       muB - mN [MeV]     energy density [MeV fm^-3]   proton fraction Yp       electron fraction Ye       muon fraction Ymu
#
   0.0000000000000000        2.9999999999999999E-002   0.0000000000000000        1.7035236000000002E-002   2.8108878955468750        28.234852834098032        4.4524600000000001E-003   4.4524600000000001E-003   0.0000000000000000     
   0.0000000000000000        4.0000000000000001E-002   0.0000000000000000        2.2371962000000002E-002   3.0917935959526246        37.658048439891623        6.0456299999999998E-003   6.0456299999999998E-003   0.0000000000000000     
   0.0000000000000000        5.0000000000000003E-002   0.0000000000000000        6.5354892499999998E-002   4.0387494526316248        47.082518252269956        8.3839599999999993E-003   8.3839599999999993E-003   0.0000000000000000     
   0.0000000000000000        5.9999999999999998E-002   0.0000000000000000       0.14543827020000000        5.4883178852989998        56.518983126767942        1.0992840000000000E-002   1.0992840000000000E-002   0.0000000000000000     
   0.0000000000000000        7.0000000000000007E-002   0.0000000000000000       0.27160504490000004        7.4187629257603742        65.972018226487890        1.3845369999999999E-002   1.3845369999999999E-002   0.0000000000000000     
   0.0000000000000000        8.0000000000000002E-002   0.0000000000000000       0.45377750480000006        9.8402155069236237        75.446937080207562        1.6934660000000001E-002   1.6934660000000001E-002   0.0000000000000000     
   0.0000000000000000        8.9999999999999997E-002   0.0000000000000000       0.70022481569999995        12.734385492269249        84.948554087517152        2.0240919999999999E-002   2.0240919999999999E-002   0.0000000000000000     
   0.0000000000000000       0.10000000000000001        0.0000000000000000        1.0180612720000000        16.074203855315872        94.481230525836267        2.3740919999999999E-002   2.3740919999999999E-002   0.0000000000000000     
   0.0000000000000000       0.11000000000000000        0.0000000000000000        1.4149625325000001        19.851605284323124        104.04977309562162        2.7419070000000000E-002   2.7419070000000000E-002   0.0000000000000000     
   0.0000000000000000       0.12000000000000000        0.0000000000000000        1.8965180903999999        24.035389510474623        113.65797371398558        3.1249900000000001E-002   3.1249900000000001E-002   0.0000000000000000     
   0.0000000000000000       0.13000000000000000        0.0000000000000000        2.4690197272000001        28.613406925630624        123.31015610159915        3.5215089999999998E-002   3.5215089999999998E-002   0.0000000000000000     
   0.0000000000000000       0.14000000000000001        0.0000000000000000        3.1337156158000004        33.535331486801127        133.00985078060515        3.9508570000000000E-002   3.9222420000000001E-002   2.8614999999999999E-004
   0.0000000000000000       0.14999999999999999        0.0000000000000000        3.8775580425000000        38.663761829598869        142.75981197515472        4.5018190000000000E-002   4.2916830000000003E-002   2.1013500000000001E-003
   0.0000000000000000       0.16000000000000000        0.0000000000000000        4.7119428047999996        44.044996035737249        152.56225008768089        5.1009249999999999E-002   4.6448850000000000E-002   4.5603900000000001E-003
   0.0000000000000000       0.17000000000000001        0.0000000000000000        5.6432809153000010        49.688470238276878        162.41993990465474        5.7210100000000000E-002   4.9863959999999999E-002   7.3461400000000001E-003
   0.0000000000000000       0.17999999999999999        0.0000000000000000        6.6755357999999996        55.585818671489378        172.33527933057607        6.3490169999999999E-002   5.3177610000000000E-002   1.0312560000000000E-002
   0.0000000000000000       0.19000000000000000        0.0000000000000000        7.8121213997999996        61.728356337284126        182.31082072207295        6.9772929999999997E-002   5.6394960000000001E-002   1.3377969999999999E-002
   0.0000000000000000       0.20000000000000001        0.0000000000000000        9.0557585020000015        68.104722319239869        192.34892865203099        7.6007469999999994E-002   5.9518330000000001E-002   1.6489150000000001E-002
   0.0000000000000000       0.20999999999999999        0.0000000000000000        10.408914736499998        74.704813852010119        202.45202581240397        8.2157759999999996E-002   6.2547900000000003E-002   1.9609860000000000E-002
   0.0000000000000000       0.22000000000000000        0.0000000000000000        11.873280375000000        81.514997835889375        212.62213698139544        8.8199310000000003E-002   6.5484860000000006E-002   2.2714450000000001E-002
   0.0000000000000000       0.23000000000000001        0.0000000000000000        13.450417013100001        88.523753738275246        222.86135040811391        9.4114050000000005E-002   6.8329459999999995E-002   2.5784580000000001E-002
   0.0000000000000000       0.23999999999999999        0.0000000000000000        15.141489823199999        95.719129123957615        233.17159134537931        9.9889359999999996E-002   7.1082409999999999E-002   2.8806950000000001E-002
   0.0000000000000000       0.25000000000000000        0.0000000000000000        16.947326357500000        103.08913400097786        243.55463378620703       0.10551689000000000        7.3744850000000001E-002   3.1772050000000003E-002
   0.0000000000000000       0.26000000000000001        0.0000000000000000        18.868630747199997        110.62329942569161        254.01229247268466       0.11099011000000000        7.6317490000000002E-002   3.4672620000000001E-002
   0.0000000000000000       0.27000000000000002        0.0000000000000000        20.905598834100001        118.30944762239776        264.54600338709099       0.11630691999999999        7.8802559999999994E-002   3.7504360000000000E-002
   0.0000000000000000       0.28000000000000003        0.0000000000000000        23.058386327200001        126.13726926363300        275.15728663882163       0.12146561000000000        8.1201659999999995E-002   4.0263950000000000E-002
   0.0000000000000000       0.29000000000000004        0.0000000000000000        25.326922286200009        134.09665219486382        285.84753229703045       0.12646619000000003        8.3516770000000018E-002   4.2949430000000011E-002
   0.0000000000000000       0.30000000000000004        0.0000000000000000        27.710933883000010        142.17775654798305        296.61800649360117       0.13130999000000002        8.5750130000000008E-002   4.5559850000000013E-002
   0.0000000000000000       0.31000000000000005        0.0000000000000000        30.209982797100015        150.37110863318168        307.46986212682100       0.13599931000000004        8.7904190000000007E-002   4.8095120000000012E-002
   0.0000000000000000       0.31999999999999995        0.0000000000000000        32.823492345599981        158.66771360919381        318.40416383661778       0.14053728999999998        8.9981519999999982E-002   5.0555769999999986E-002
   0.0000000000000000       0.32999999999999996        0.0000000000000000        35.550771418799982        167.05900853736168        329.42187720699582       0.14492757999999997        9.1984779999999988E-002   5.2942789999999990E-002
   0.0000000000000000       0.33999999999999997        0.0000000000000000        38.391076539999986        175.53741634367532        340.52400519092362       0.14917338999999996        9.3916259999999988E-002   5.5257129999999988E-002
   0.0000000000000000       0.34999999999999998        0.0000000000000000        41.343485000999998        184.09484354883298        351.71125854986650       0.15327983000000001        9.5779039999999996E-002   5.7500790000000003E-002
   0.0000000000000000       0.35999999999999999        0.0000000000000000        44.407089097200000        192.72462382997588        362.98451104157840       0.15725046000000001        9.7575339999999997E-002   5.9675110000000003E-002
   0.0000000000000000       0.37000000000000000        0.0000000000000000        47.580855219999997        201.41972468594739        374.34436592133204       0.16109043000000001        9.9308110000000005E-002   6.1782320000000002E-002
   0.0000000000000000       0.38000000000000000        0.0000000000000000        50.863728752600004        210.17388352893511        385.79145930655523       0.16480426000000001       0.10097987000000000        6.3824400000000003E-002
   0.0000000000000000       0.39000000000000001        0.0000000000000000        54.254623511400005        218.98129784129586        397.32637961760497       0.16839636999999999       0.10259306000000000        6.5803310000000004E-002
   0.0000000000000000       0.40000000000000002        0.0000000000000000        57.752405616000004        227.83637166750310        408.94962814318188       0.17187139000000001       0.10415017999999999        6.7721210000000004E-002
   0.0000000000000000       0.41000000000000003        0.0000000000000000        61.355926516600015        236.73388461951541        420.66163443859705       0.17523400000000003       0.10565370000000002        6.9580290000000017E-002
   0.0000000000000000       0.42000000000000004        0.0000000000000000        65.064027357000015        245.66898248758903        432.46280552511223       0.17848861000000002       0.10710594000000001        7.1382670000000009E-002
   0.0000000000000000       0.43000000000000005        0.0000000000000000        68.875525582700021        254.63715846190402        444.35349706513574       0.18163960000000004       0.10850915000000001        7.3130450000000013E-002
   0.0000000000000000       0.44000000000000006        0.0000000000000000        72.789252588800025        263.63417801906706        456.33402077968015       0.18469119000000003       0.10986550000000002        7.4825690000000014E-002
   0.0000000000000000       0.44999999999999996        0.0000000000000000        76.804038764999973        272.65612586804684        468.40463552863434       0.18764749999999997       0.11117708999999999        7.6470409999999989E-002
   0.0000000000000000       0.45999999999999996        0.0000000000000000        80.918706195599981        281.69931205830346        480.56558421026955       0.19051249999999997       0.11244590000000000        7.8066599999999986E-002
   0.0000000000000000       0.46999999999999997        0.0000000000000000        85.084945623999999        290.65964806136907        492.81687921831269       0.19308911000000001       0.11356747000000000        7.9521640000000005E-002
   0.0000000000000000       0.47999999999999998        0.0000000000000000        89.184349968000006        299.29023581260475        505.15594153084413       0.19489846999999999       0.11428872000000000        8.0609749999999994E-002
   0.0000000000000000       0.48999999999999999        0.0000000000000000        93.319678274899999        307.81680075968251        517.58072073717949       0.19640451000000000       0.11485590000000000        8.1548599999999999E-002
   0.0000000000000000       0.50000000000000000        0.0000000000000000        97.515291645000005        316.29284249084060        530.09048748526300       0.19772408000000000       0.11533085999999999        8.2393209999999995E-002
   0.0000000000000000       0.51000000000000001        0.0000000000000000        101.78090386740000        324.73964629329151        542.68485785123323       0.19890794000000001       0.11574033000000000        8.3167610000000003E-002
   0.0000000000000000       0.52000000000000002        0.0000000000000000        106.12175977000001        333.16849796995933        555.36359288027757       0.19998610999999999       0.11609998000000001        8.3886119999999995E-002
   0.0000000000000000       0.53000000000000003        0.0000000000000000        110.54095202530002        341.58603567614165        568.12656403442452       0.20097807000000001       0.11641996000000000        8.4558110000000006E-002
   0.0000000000000000       0.54000000000000004        0.0000000000000000        115.04055576420001        349.99651271360591        580.97366174186027       0.20189847000000000       0.11670775000000000        8.5190719999999998E-002
   0.0000000000000000       0.55000000000000004        0.0000000000000000        119.62187705050000        358.40261438986983        593.90485220151106       0.20275781000000001       0.11696873000000001        8.5789080000000004E-002
   0.0000000000000000       0.56000000000000005        0.0000000000000000        124.28584273280001        366.80616220723584        606.92008734073897       0.20356476000000001       0.11720725000000000        8.6357509999999998E-002
   0.0000000000000000       0.57000000000000006        0.0000000000000000        129.03306670110004        375.20832042490747        620.01933786528002       0.20432612999999999       0.11742672000000000        8.6899409999999996E-002
   0.0000000000000000       0.58000000000000007        0.0000000000000000        133.86392646180005        383.60982139948021        633.20262424356235       0.20504744999999999       0.11762986000000000        8.7417590000000003E-002
   0.0000000000000000       0.59000000000000008        0.0000000000000000        138.77868678800004        392.01110642274909        646.46991201726894       0.20573358000000000       0.11781904000000000        8.7914539999999999E-002
   0.0000000000000000       0.60000000000000009        0.0000000000000000        143.77744371000006        400.41240083520506        659.82122118536859       0.20638838000000001       0.11799612000000000        8.8392250000000006E-002
   0.0000000000000000       0.60999999999999999        0.0000000000000000        148.86025660549998        408.81373280440948        673.25654066862023       0.20701538000000000       0.11816280000000000        8.8852580000000000E-002
   0.0000000000000000       0.62000000000000000        0.0000000000000000        154.02707836720001        417.21507416280110        686.77586182897187       0.20761752000000000       0.11832044999999999        8.9297070000000006E-002
   0.0000000000000000       0.63000000000000000        0.0000000000000000        159.25877341289998        425.58591005222360        700.37913847162304       0.20834016999999999       0.11837351000000000        8.9638869999999995E-002
   0.0000000000000000       0.64000000000000001        0.0000000000000000        164.53747591679999        433.89886160302046        714.06577419540724       0.20931574999999999       0.11823655000000000        8.9800069999999996E-002
   0.0000000000000000       0.65000000000000002        0.0000000000000000        169.88767906500001        442.19375774697596        727.83542282099552       0.21035825999999999       0.11803901000000000        8.9898619999999999E-002
   0.0000000000000000       0.66000000000000003        0.0000000000000000        175.31463711300000        450.47920836868377        741.68798660694972       0.21142744999999999       0.11781031000000000        8.9961570000000005E-002
   0.0000000000000000       0.67000000000000004        0.0000000000000000        180.82058592510000        458.75883769437399        755.62336687291292       0.21250596999999999       0.11756398000000000        9.0001479999999995E-002
   0.0000000000000000       0.68000000000000005        0.0000000000000000        186.40667241240001        467.03451417228462        769.64152878500124       0.21358452000000000       0.11730775000000000        9.0025659999999993E-002
   0.0000000000000000       0.69000000000000006        0.0000000000000000        192.07353988590006        475.30732694812218        783.74242276830637       0.21465751999999999       0.11704661000000000        9.0038910000000000E-002
   0.0000000000000000       0.70000000000000007        0.0000000000000000        197.82155263500005        483.57784876230124        797.92603661688543       0.21572148999999999       0.11678403000000000        9.0044639999999995E-002
   0.0000000000000000       0.71000000000000008        0.0000000000000000        203.65089373700005        491.84641762555822        812.19234544939218       0.21677420000000000       0.11652249000000001        9.0045340000000001E-002
   0.0000000000000000       0.72000000000000008        0.0000000000000000        209.56162639680008        500.11318376488714        826.54133152026327       0.21781422000000000       0.11626380000000000        9.0042890000000000E-002
   0.0000000000000000       0.73000000000000009        0.0000000000000000        215.55372615160007        508.37814718028824        840.97298515863554       0.21884062000000001       0.11600932000000000        9.0038759999999995E-002
   0.0000000000000000       0.73999999999999999        0.0000000000000000        221.62711778879998        516.64127031501266        855.48726401927524       0.21985292000000001       0.11576009000000000        9.0034110000000001E-002
   0.0000000000000000       0.75000000000000000        0.0000000000000000        227.78168787750002        524.90244049881517        870.08417570742404       0.22085084999999999       0.11551689000000000        9.0029840000000000E-002
   0.0000000000000000       0.76000000000000001        0.0000000000000000        234.01727432720000        533.16149811551452        884.76368163352299       0.22183431000000001       0.11528033000000000        9.0026709999999996E-002
   0.0000000000000000       0.77000000000000002        0.0000000000000000        240.33369607940003        541.41825538136823        899.52576649319701       0.22280336000000001       0.11505089000000000        9.0025320000000006E-002
   0.0000000000000000       0.78000000000000003        0.0000000000000000        246.73075631880002        549.67253390182100        914.37041085082819       0.22375816000000001       0.11482887000000000        9.0026149999999999E-002
   0.0000000000000000       0.79000000000000004        0.0000000000000000        253.20824913740000        557.92411772556886        929.29758372209994       0.22469894000000001       0.11461455000000000        9.0029609999999996E-002
   0.0000000000000000       0.80000000000000004        0.0000000000000000        259.76593440000005        566.17279090130796        944.30725712723381       0.22562594999999999       0.11440813000000000        9.0036030000000003E-002
   0.0000000000000000       0.81000000000000005        0.0000000000000000        266.40357588360001        574.41829992098599        959.39940656045201       0.22653949000000001       0.11420972000000000        9.0045669999999994E-002
   0.0000000000000000       0.82000000000000006        0.0000000000000000        273.12093722580005        582.66047577923473        974.57398836203390       0.22743991000000000       0.11401939000000000        9.0058750000000007E-002
   0.0000000000000000       0.83000000000000007        0.0000000000000000        279.91776472850006        590.89905557881445        989.83097774452597       0.22832756000000001       0.11383718000000000        9.0075450000000001E-002
   0.0000000000000000       0.84000000000000008        0.0000000000000000        286.79380101960010        599.13383275760850        1005.1703307665322       0.22920277000000000       0.11366310000000000        9.0095910000000001E-002
   0.0000000000000000       0.85000000000000009        0.0000000000000000        293.74877601350011        607.36457258593896        1020.5920153170326       0.23006588000000000       0.11349716000000000        9.0120240000000004E-002
   0.0000000000000000       0.86000000000000010        0.0000000000000000        300.78243388040011        615.59108728006311        1036.0959878301987       0.23091729000000000       0.11333930000000000        9.0148530000000004E-002
   0.0000000000000000       0.87000000000000000        0.0000000000000000        307.89451855889996        623.81315149948989        1051.6821928159350       0.23175734000000001       0.11318945000000000        9.0180839999999998E-002
   0.0000000000000000       0.88000000000000000        0.0000000000000000        315.08475736320003        632.03056807128985        1067.3506037028417       0.23258636999999999       0.11304754000000000        9.0217220000000001E-002
   0.0000000000000000       0.89000000000000001        0.0000000000000000        322.35287546900003        640.24313982253341        1083.1011662214175       0.23340469999999999       0.11291353000000000        9.0257710000000005E-002
   0.0000000000000000       0.90000000000000002        0.0000000000000000        329.69861393399998        648.45066019110357        1098.9338223464856       0.23421270000000000       0.11278729999999999        9.0302320000000005E-002
   0.0000000000000000       0.91000000000000003        0.0000000000000000        337.12169321739998        656.65296956081954        1114.8485359296760       0.23501068999999999       0.11266874000000000        9.0351059999999997E-002
   0.0000000000000000       0.92000000000000004        0.0000000000000000        344.62185431360001        664.84987075875142        1130.8452422794890       0.23579897000000000       0.11255775000000000        9.0403919999999999E-002
   0.0000000000000000       0.93000000000000005        0.0000000000000000        352.19883120450004        673.04120416871808        1146.9238904126387       0.23657787999999999       0.11245421999999999        9.0460899999999997E-002
   0.0000000000000000       0.94000000000000006        0.0000000000000000        359.85233584720004        681.22677261779017        1163.0844175154632       0.23734765999999999       0.11235805000000000        9.0521980000000002E-002
   0.0000000000000000       0.95000000000000007        0.0000000000000000        367.58211051100011        689.40644465734772        1179.3267752336485       0.23810862999999999       0.11226912000000000        9.0587139999999997E-002
   0.0000000000000000       0.96000000000000008        0.0000000000000000        375.38789753280008        697.58004189283531        1195.6509035702893       0.23886108000000000       0.11218730000000000        9.0656340000000002E-002
   0.0000000000000000       0.97000000000000008        0.0000000000000000        383.26941920260009        705.74742348644611        1212.0567304164285       0.23960527000000001       0.11211246000000000        9.0729550000000006E-002
   0.0000000000000000       0.98000000000000009        0.0000000000000000        391.22641903660008        713.90845798956059        1228.5442078872115       0.24034145000000001       0.11204450000000001        9.0806739999999997E-002
   0.0000000000000000       0.98999999999999999        0.0000000000000000        399.25863528209999        722.06299517518437        1245.1132579584933       0.24106986999999999       0.11198328000000000        9.0887860000000001E-002
   0.0000000000000000        1.0000000000000000        0.0000000000000000        407.36577433000002        730.21088481632376        1261.7638180043962       0.24179076999999999       0.11192871000000000        9.0972869999999997E-002
   0.0000000000000000        1.0100000000000000        0.0000000000000000        415.54761808230000        738.35203302110733        1278.4958322531481       0.24250437999999999       0.11188062999999999        9.1061729999999994E-002
   0.0000000000000000        1.0200000000000000        0.0000000000000000        423.80388117299998        746.48629895172837        1295.3092235256311       0.24321091000000000       0.11183893000000000        9.1154379999999993E-002
   0.0000000000000000        1.0300000000000000        0.0000000000000000        432.13429135040002        754.61352299200564        1312.2039019673246       0.24391059000000001       0.11180350999999999        9.1250780000000004E-002
   0.0000000000000000        1.0400000000000000        0.0000000000000000        440.53862963760002        762.73366758519057        1329.1798426968824       0.24460361999999999       0.11177421999999999        9.1350879999999995E-002
   0.0000000000000000        1.0500000000000000        0.0000000000000000        449.01658633649998        770.84653555835382        1346.2369116367124       0.24529020000000001       0.11175095000000000        9.1454610000000006E-002
   0.0000000000000000        1.0600000000000001        0.0000000000000000        457.56798823580004        778.95215507905641        1363.3751191149204       0.24597051000000000       0.11173360000000000        9.1561939999999994E-002
   0.0000000000000000        1.0700000000000001        0.0000000000000000        466.19251755480002        787.05030080680751        1380.5943255142945       0.24664474000000000       0.11172203999999999        9.1672809999999993E-002
   0.0000000000000000        1.0800000000000001        0.0000000000000000        474.88991261400002        795.14090701729720        1397.8944674578206       0.24731304000000001       0.11171618000000000        9.1787160000000007E-002
   0.0000000000000000        1.0900000000000001        0.0000000000000000        483.65995697530002        803.22389859702866        1415.2754796906484       0.24797561000000001       0.11171588000000000        9.1904940000000004E-002
   0.0000000000000000        1.1000000000000001        0.0000000000000000        492.50241896900002        811.29922860006593        1432.7373054081966       0.24863258999999999       0.11172103999999999        9.2026100000000000E-002
   0.0000000000000000        1.1100000000000001        0.0000000000000000        501.41697979020000        819.36669046429267        1450.2798029276307       0.24928413999999999       0.11173155000000000        9.2150579999999996E-002
   0.0000000000000000        1.1200000000000001        0.0000000000000000        510.40346988960005        827.42632174645689        1467.9029627658722       0.24993041999999999       0.11174731000000000        9.2278330000000006E-002
   0.0000000000000000        1.1300000000000001        0.0000000000000000        519.46164216770012        835.47805672224945        1485.6067015469389       0.25057156000000003       0.11176821000000001        9.2409290000000005E-002
   0.0000000000000000        1.1400000000000001        0.0000000000000000        528.59118429300020        843.52169821873997        1503.3908694194047       0.25120769999999998       0.11179414999999999        9.2543410000000006E-002
   0.0000000000000000        1.1500000000000001        0.0000000000000000        537.79190511200022        851.55725562511577        1521.2554523933804       0.25183897000000000       0.11182502000000000        9.2680639999999995E-002
   0.0000000000000000        1.1600000000000001        0.0000000000000000        547.06360047080022        859.58471955218999        1539.2003715058027       0.25246550000000001       0.11186073000000001        9.2820920000000001E-002
   0.0000000000000000        1.1700000000000002        0.0000000000000000        556.40596138920023        867.60391160540689        1557.2255019743743       0.25308741000000001       0.11190119000000000        9.2964199999999997E-002
   0.0000000000000000        1.1800000000000002        0.0000000000000000        565.81880415700016        875.61485056314109        1575.3307931913771       0.25370482000000000       0.11194629000000000        9.3110429999999994E-002
   0.0000000000000000        1.1899999999999999        0.0000000000000000        575.30188331629995        883.61746131189500        1593.5161602785586       0.25431783000000002       0.11199594000000000        9.3259560000000005E-002
   0.0000000000000000        1.2000000000000000        0.0000000000000000        584.85494155199990        891.61166873817251        1611.7815052128065       0.25492657000000002       0.11205006000000001        9.3411540000000001E-002
   0.0000000000000000        1.2100000000000000        0.0000000000000000        594.47774453099998        899.59738833928884        1630.1267277176012       0.25553112000000000       0.11210855000000000        9.3566310000000000E-002
   0.0000000000000000        1.2200000000000000        0.0000000000000000        604.17011063519999        907.57464828280558        1648.5517825370614       0.25613159000000002       0.11217133000000000        9.3723829999999994E-002
   0.0000000000000000        1.2300000000000000        0.0000000000000000        613.93179474119995        915.54340162278709        1667.0566009423369       0.25672809000000002       0.11223830000000000        9.3884049999999997E-002
   0.0000000000000000        1.2400000000000000        0.0000000000000000        623.76253159079999        923.50350752142640        1685.6410199371396       0.25732068000000002       0.11230938000000000        9.4046909999999997E-002
   0.0000000000000000        1.2500000000000000        0.0000000000000000        633.66212562500004        931.45499414628512        1704.3049897587778       0.25790948000000002       0.11238451000000001        9.4212370000000004E-002
   0.0000000000000000        1.2600000000000000        0.0000000000000000        643.63035916620004        939.39782394061456        1723.0484484386159       0.25849455999999998       0.11246357000000000        9.4380389999999995E-002
   0.0000000000000000        1.2700000000000000        0.0000000000000000        653.66697888390001        947.33188423416914        1741.8712736355462       0.25907599999999997       0.11254652000000000        9.4550919999999997E-002
   0.0000000000000000        1.2800000000000000        0.0000000000000000        663.77184121600010        955.25733464313021        1760.7734365247641       0.25965390999999999       0.11263325000000000        9.4723900000000000E-002
   0.0000000000000000        1.2900000000000000        0.0000000000000000        673.94464846710002        963.17387471350946        1779.7547754244672       0.26022833000000001       0.11272371000000000        9.4899300000000006E-002
   0.0000000000000000        1.3000000000000000        0.0000000000000000        684.18518243400001        971.08159833717843        1798.8152469566110       0.26079933000000000       0.11281780000000000        9.5077070000000000E-002
   0.0000000000000000        1.3100000000000001        0.0000000000000000        694.49328824680003        978.98059001682122        1817.9547708436455       0.26136701000000001       0.11291548000000000        9.5257170000000002E-002
   0.0000000000000000        1.3200000000000001        0.0000000000000000        704.86868067000000        986.87059624438530        1837.1732037126837       0.26193142000000003       0.11301665000000000        9.5439560000000007E-002
   0.0000000000000000        1.3300000000000001        0.0000000000000000        715.31120423630011        994.75178602523897        1856.4705240624864       0.26249263000000000       0.11312126000000000        9.5624180000000003E-002
   0.0000000000000000        1.3400000000000001        0.0000000000000000        725.82059385060006        1002.6239434080785        1875.8465727463326       0.26305071000000002       0.11322923000000000        9.5811010000000002E-002
   0.0000000000000000        1.3500000000000001        0.0000000000000000        736.39672786799997        1010.4872843442076        1895.3013520176264       0.26360570999999999       0.11334047999999999        9.5999989999999993E-002
   0.0000000000000000        1.3600000000000001        0.0000000000000000        747.03930522080009        1018.3415928823226        1914.8346996312155       0.26415769000000000       0.11345497000000000        9.6191090000000007E-002
   0.0000000000000000        1.3700000000000001        0.0000000000000000        757.74811404290006        1026.1868878007974        1934.4465014145831       0.26470672000000001       0.11357262999999999        9.6384269999999994E-002
   0.0000000000000000        1.3800000000000001        0.0000000000000000        768.52304548800021        1034.0231972671941        1954.1367708881594       0.26525283999999999       0.11369338000000000        9.6579490000000004E-002
   0.0000000000000000        1.3900000000000001        0.0000000000000000        779.36380028500025        1041.8504367788273        1973.9053407366293       0.26579609999999998       0.11381719000000000        9.6776710000000002E-002
   0.0000000000000000        1.4000000000000001        0.0000000000000000        790.27020115400035        1049.6686720600080        1993.7521191337435       0.26633656999999999       0.11394397000000001        9.6975889999999995E-002
   0.0000000000000000        1.4100000000000001        0.0000000000000000        801.24202875180026        1057.4777998296775        2013.6770263653025       0.26687428000000002       0.11407367000000000        9.7176999999999999E-002
   0.0000000000000000        1.4200000000000002        0.0000000000000000        812.27915818980023        1065.2779045905197        2033.6800219639103       0.26740929000000002       0.11420624000000000        9.7379999999999994E-002
   0.0000000000000000        1.4300000000000002        0.0000000000000000        823.38134540090016        1073.0688924506635        2053.7609718519752       0.26794163999999998       0.11434162000000000        9.7584850000000001E-002
   0.0000000000000000        1.4399999999999999        0.0000000000000000        834.54831289439994        1080.8507915776704        2073.9197396984987       0.26847136999999999       0.11447975000000001        9.7791520000000007E-002
   0.0000000000000000        1.4500000000000000        0.0000000000000000        845.77994946150000        1088.6235362472303        2094.1562958336508       0.26899853000000001       0.11462058000000000        9.7999970000000006E-002
   0.0000000000000000        1.4600000000000000        0.0000000000000000        857.07604951680003        1096.3871921836533        2114.4705427976687       0.26952315999999998       0.11476405000000001        9.8210169999999999E-002
   0.0000000000000000        1.4700000000000000        0.0000000000000000        868.43640140460002        1104.1416467166937        2134.8623543998774       0.27004529999999999       0.11491012000000000        9.8422079999999995E-002
   0.0000000000000000        1.4800000000000000        0.0000000000000000        879.86084395520004        1111.8870970192813        2155.3317276357370       0.27056498000000001       0.11505873000000000        9.8635680000000003E-002
   0.0000000000000000        1.4900000000000000        0.0000000000000000        891.34912191310002        1119.6232989725509        2175.8784651445344       0.27108225000000002       0.11520983999999999        9.8850930000000004E-002
   0.0000000000000000        1.5000000000000000        0.0000000000000000        902.90113189500005        1127.3504309710574        2196.5025629828106       0.27159715000000001       0.11536338000000000        9.9067799999999998E-002
   0.0000000000000000        1.5100000000000000        0.0000000000000000        914.51660963329994        1135.0683146202462        2217.2038485773069       0.27210970000000001       0.11551931999999999        9.9286250000000006E-002
   0.0000000000000000        1.5200000000000000        0.0000000000000000        926.19534010080008        1142.7770813687364        2237.9822462511743       0.27261993000000001       0.11567761999999999        9.9506259999999999E-002
   0.0000000000000000        1.5300000000000000        0.0000000000000000        937.93721024610011        1150.4766748814054        2258.8377086829100       0.27312788999999998       0.11583820000000000        9.9727789999999997E-002
   0.0000000000000000        1.5400000000000000        0.0000000000000000        949.74200921600004        1158.1670857690665        2279.7701021704893       0.27363359999999998       0.11600104999999999        9.9950819999999996E-002
   0.0000000000000000        1.5500000000000000        0.0000000000000000        961.60958463550003        1165.8483609776547        2300.7794221132108       0.27413710000000002       0.11616612000000000       0.10017532000000000     
   0.0000000000000000        1.5600000000000001        0.0000000000000000        973.53962693519998        1173.5204253936733        2321.8654164114000       0.27463840000000000       0.11633336000000000       0.10040125000000000     
   0.0000000000000000        1.5700000000000001        0.0000000000000000        985.53213063180010        1181.1834104657421        2343.0281671265520       0.27513755000000001       0.11650271000000000       0.10062860000000000     
   0.0000000000000000        1.5800000000000001        0.0000000000000000        997.58676612019997        1188.8371284101183        2364.2674485426087       0.27563455999999997       0.11667416999999999       0.10085733000000000     
   0.0000000000000000        1.5900000000000001        0.0000000000000000        1009.7033990211000        1196.4816825078608        2385.5832248867678       0.27612946999999999       0.11684766000000001       0.10108741000000000     
   0.0000000000000000        1.6000000000000001        0.0000000000000000        1021.8818818559999        1204.1170727589692        2406.9754160692614       0.27662231999999998       0.11702316000000000       0.10131881000000000     
   0.0000000000000000        1.6100000000000001        0.0000000000000000        1034.1219974848002        1211.7433648877536        2428.4439265081664       0.27711309000000001       0.11720063000000000       0.10155153000000000     
   0.0000000000000000        1.6200000000000001        0.0000000000000000        1046.4235889562001        1219.3604743915296        2449.9886446599385       0.27760184999999998       0.11738003000000000       0.10178551000000000     
   0.0000000000000000        1.6300000000000001        0.0000000000000000        1058.7864866851003        1226.9683918811104        2471.6094884630829       0.27808860000000002       0.11756131000000000       0.10202074999999999     
   0.0000000000000000        1.6400000000000001        0.0000000000000000        1071.2104223684003        1234.5671079673084        2493.3063138874686       0.27857335999999999       0.11774445000000000       0.10225721000000000     
   0.0000000000000000        1.6500000000000001        0.0000000000000000        1083.6953832375002        1242.1567634879309        2515.0791609310331       0.27905616999999999       0.11792940000000000       0.10249487000000000     
   0.0000000000000000        1.6600000000000001        0.0000000000000000        1096.2410725282004        1249.7372927186680        2536.9278540159776       0.27953704000000001       0.11811613999999999       0.10273372000000000     
   0.0000000000000000        1.6700000000000002        0.0000000000000000        1108.8473566102002        1257.3085829892739        2558.8522776552995       0.28001599999999999       0.11830462000000000       0.10297371000000000     
   0.0000000000000000        1.6800000000000002        0.0000000000000000        1121.5140501264004        1264.8708314726787        2580.8523467829637       0.28049305000000002       0.11849482000000000       0.10321482999999999     
   0.0000000000000000        1.6900000000000002        0.0000000000000000        1134.2409436384003        1272.4238691635135        2602.9279918250945       0.28096821999999999       0.11868670000000001       0.10345706000000000     
   0.0000000000000000        1.7000000000000000        0.0000000000000000        1147.0279780849999        1279.9678368995856        2625.0791432078131       0.28144153999999999       0.11888021999999999       0.10370036000000001     
   0.0000000000000000        1.7100000000000000        0.0000000000000000        1159.8748923141000        1287.5026877349594        2647.3057153017357       0.28191302000000001       0.11907535000000000       0.10394473999999999     
   0.0000000000000000        1.7200000000000000        0.0000000000000000        1172.7815396248000        1295.0284122804478        2669.6075413548974       0.28238268000000000       0.11927206000000000       0.10419015000000000     
   0.0000000000000000        1.7300000000000000        0.0000000000000000        1185.7477749648999        1302.5451044279221        2691.9846310381618       0.28285052999999999       0.11947033999999999       0.10443658000000000     
   0.0000000000000000        1.7400000000000000        0.0000000000000000        1198.7734482414000        1310.0527641773817        2714.4368325283717       0.28331661000000002       0.11967013000000000       0.10468402000000000     
   0.0000000000000000        1.7500000000000000        0.0000000000000000        1211.8582731150000        1317.5511661883365        2736.9640249866898       0.28378090000000000       0.11987141000000000       0.10493242000000000     
   0.0000000000000000        1.7600000000000000        0.0000000000000000        1225.0022123328001        1325.0406109147739        2759.5661690724219       0.28424344000000001       0.12007414000000000       0.10518178000000000     
   0.0000000000000000        1.7700000000000000        0.0000000000000000        1238.2050279702000        1332.5209575188871        2782.2431597205641       0.28470424999999999       0.12027831999999999       0.10543208000000000     
   0.0000000000000000        1.7800000000000000        0.0000000000000000        1251.4666548142000        1339.9923092817346        2804.9949412532369       0.28516332999999999       0.12048390000000000       0.10568329999999999     
   0.0000000000000000        1.7900000000000000        0.0000000000000000        1264.7867955084000        1347.4545629222580        2827.8213743349029       0.28562070000000001       0.12069086000000000       0.10593540999999999     
   0.0000000000000000        1.8000000000000000        0.0000000000000000        1278.1653910560001        1354.9078123323284        2850.7223688293661       0.28607638000000002       0.12089916000000001       0.10618840000000000     
   0.0000000000000000        1.8100000000000001        0.0000000000000000        1291.6022651408002        1362.3521044578815        2873.6979022025771       0.28653036999999998       0.12110878999999999       0.10644225000000000     
   0.0000000000000000        1.8200000000000001        0.0000000000000000        1305.0972246675999        1369.7873735746077        2896.7477821639836       0.28698270999999997       0.12131971000000000       0.10669694000000000     
   0.0000000000000000        1.8300000000000001        0.0000000000000000        1318.6500925032001        1377.2135257906357        2919.8719512517609       0.28743339000000001       0.12153190000000000       0.10695245000000000     
   0.0000000000000000        1.8400000000000001        0.0000000000000000        1332.2607702680000        1384.6308333923914        2943.0703869318595       0.28788242000000003       0.12174533999999999       0.10720876999999999     
   0.0000000000000000        1.8500000000000001        0.0000000000000000        1345.9291231190002        1392.0392118771917        2966.3429635769558       0.28832984000000000       0.12196000000000000       0.10746588000000000     
   0.0000000000000000        1.8600000000000001        0.0000000000000000        1359.6548748072000        1399.4384546829192        2989.6895020413590       0.28877563000000001       0.12217585000000000       0.10772376000000000     
   0.0000000000000000        1.8700000000000001        0.0000000000000000        1373.4379857704000        1406.8289185986848        3013.1100491771131       0.28921984000000001       0.12239288000000000       0.10798238000000000     
   0.0000000000000000        1.8800000000000001        0.0000000000000000        1387.2782635624003        1414.2104252299332        3036.6044426451731       0.28966244000000002       0.12261105999999999       0.10824175000000000     
   0.0000000000000000        1.8900000000000001        0.0000000000000000        1401.1755087078004        1421.5829557982904        3060.1725892109107       0.29010345999999998       0.12283036000000000       0.10850182999999999     
   0.0000000000000000        1.9000000000000001        0.0000000000000000        1415.1296617090004        1428.9466229740012        3083.8144666219519       0.29054291999999998       0.12305076000000000       0.10876262000000000     
   0.0000000000000000        1.9100000000000001        0.0000000000000000        1429.1404584834004        1436.3013704219431        3107.5298744191518       0.29098080999999998       0.12327224000000001       0.10902410000000000     
   0.0000000000000000        1.9200000000000002        0.0000000000000000        1443.2078557248003        1443.6472826448010        3131.3188258412652       0.29141717000000000       0.12349478000000000       0.10928625000000000     
   0.0000000000000000        1.9300000000000002        0.0000000000000000        1457.3316441888003        1450.9842939182638        3155.1811547935704       0.29185199000000001       0.12371836000000000       0.10954905000000000     
   0.0000000000000000        1.9400000000000002        0.0000000000000000        1471.5117047782003        1458.3125169125778        3179.1168754537407       0.29228526999999999       0.12394295000000000       0.10981249999999999     
   0.0000000000000000        1.9500000000000000        0.0000000000000000        1485.7477914434999        1465.6318201791228        3203.1257292435621       0.29271703999999998       0.12416853999999999       0.11007657999999999     
   0.0000000000000000        1.9600000000000000        0.0000000000000000        1500.0399435867998        1472.9424102800160        3227.2078586908960       0.29314730999999999       0.12439509000000000       0.11034126000000000     
   0.0000000000000000        1.9700000000000000        0.0000000000000000        1514.3878211704000        1480.2441275990761        3251.3629299162485       0.29357608000000002       0.12462260999999999       0.11060655000000000     
   0.0000000000000000        1.9800000000000000        0.0000000000000000        1528.7913903438000        1487.5370660281744        3275.5910499563515       0.29400335999999999       0.12485106000000000       0.11087241000000000     
   0.0000000000000000        1.9900000000000000        0.0000000000000000        1543.2505050365000        1494.8212631240594        3299.8920493363785       0.29442917000000002       0.12508042000000000       0.11113885000000000     
   0.0000000000000000        2.0000000000000000        0.0000000000000000        1557.7650142800001        1502.0967282759179        3324.2658505955351       0.29485350999999999       0.12531068000000001       0.11140584000000001     
   0.0000000000000000        2.0099999999999998        0.0000000000000000        1572.3346508318998        1509.3633769810663        3348.7123196562293       0.29527637000000001       0.12554181000000000       0.11167336999999999     
   0.0000000000000000        2.0200000000000000        0.0000000000000000        1586.9593851600000        1516.6212843530011        3373.2313782126412       0.29569779000000002       0.12577381000000001       0.11194142999999999     
   0.0000000000000000        2.0299999999999998        0.0000000000000000        1601.6391219947998        1523.8705442835940        3397.8230623192480       0.29611777000000000       0.12600664000000000       0.11221001000000000     
   0.0000000000000000        2.0400000000000000        0.0000000000000000        1616.3736613020001        1531.1111286052831        3422.4871804366339       0.29653631000000003       0.12624029000000000       0.11247910000000000     
   0.0000000000000000        2.0499999999999998        0.0000000000000000        1631.1628432924999        1538.3430091505074        3447.2236542589767       0.29695343000000002       0.12647475000000000       0.11274867000000000     
   0.0000000000000000        2.0600000000000001        0.0000000000000000        1646.0065126620000        1545.5661953084541        3472.0323861387310       0.29736911999999999       0.12671001000000001       0.11301870999999999     
   0.0000000000000000        2.0699999999999998        0.0000000000000000        1660.9046178419999        1552.7807997493685        3496.9133363596357       0.29778339999999998       0.12694602999999999       0.11328923000000000     
   0.0000000000000000        2.0799999999999996        0.0000000000000000        1675.8569479599994        1559.9867473597531        3521.8663878385260       0.29819627999999998       0.12718280000000001       0.11356018999999999     
   0.0000000000000000        2.0899999999999999        0.0000000000000000        1690.8633270187997        1567.1840475287966        3546.8913834943032       0.29860775000000001       0.12742031000000001       0.11383160000000001     
   0.0000000000000000        2.0999999999999996        0.0000000000000000        1705.9237127309996        1574.3727941483683        3571.9883816338183       0.29901783999999998       0.12765853999999999       0.11410343999999999     
   0.0000000000000000        2.1099999999999999        0.0000000000000000        1721.0379098076000        1581.5528745482245        3597.1571856474934       0.29942654000000002       0.12789747000000001       0.11437569000000000     
   0.0000000000000000        2.1199999999999997        0.0000000000000000        1736.2058358915997        1588.7245234580414        3622.3978156281873       0.29983388000000000       0.12813710000000000       0.11464834999999998     
   0.0000000000000000        2.1299999999999999        0.0000000000000000        1751.4272638364998        1595.8875530940786        3647.7100135610408       0.30023983999999998       0.12837740000000000       0.11492140000000001     
   0.0000000000000000        2.1399999999999997        0.0000000000000000        1766.7021510989994        1603.0421042941412        3673.0938797225690       0.30064444000000001       0.12861835999999999       0.11519483999999999     
   0.0000000000000000        2.1499999999999999        0.0000000000000000        1782.0303382579998        1610.1880456096108        3698.5492351548683       0.30104767999999998       0.12885996999999999       0.11546865000000001     
   0.0000000000000000        2.1599999999999997        0.0000000000000000        1797.4116234143994        1617.3255460458543        3724.0759801447684       0.30144957999999999       0.12910220000000000       0.11574281999999998     
   0.0000000000000000        2.1699999999999999        0.0000000000000000        1812.8459418530999        1624.4545774353119        3749.6740757271464       0.30185012000000000       0.12934504999999999       0.11601734000000000     
   0.0000000000000000        2.1799999999999997        0.0000000000000000        1828.3331491003994        1631.5751116104204        3775.3434018142962       0.30224933999999998       0.12958850000000000       0.11629220999999998     
   0.0000000000000000        2.1899999999999999        0.0000000000000000        1843.8731502503999        1638.6872518522400        3801.0839198166600       0.30264722999999999       0.12983254000000000       0.11656740000000000     
   0.0000000000000000        2.1999999999999997        0.0000000000000000        1859.4657318819995        1645.7909418256463        3826.8954679585418       0.30304378999999998       0.13007714000000001       0.11684291999999999     
   0.0000000000000000        2.2100000000000000        0.0000000000000000        1875.1108519585000        1652.8862284765767        3852.7780697129115       0.30343902000000000       0.13032231999999999       0.11711874999999999     
   0.0000000000000000        2.2199999999999998        0.0000000000000000        1890.8083568087995        1659.9731681401520        3878.7315836786092       0.30383295999999999       0.13056803000000000       0.11739486999999998     
   0.0000000000000000        2.2300000000000000        0.0000000000000000        1906.5580599098000        1667.0517044812514        3904.7558882656649       0.30422558999999999       0.13081429000000000       0.11767129000000000     
   0.0000000000000000        2.2399999999999998        0.0000000000000000        1922.3599018847995        1674.1219126133699        3930.8509873236412       0.30461691000000002       0.13106107000000000       0.11794798999999999     
   0.0000000000000000        2.2500000000000000        0.0000000000000000        1938.2137172325001        1681.1836892554511        3957.0167171990101       0.30500694000000000       0.13130834000000000       0.11822496000000000     
   0.0000000000000000        2.2599999999999998        0.0000000000000000        1954.1193192051996        1688.2371564669261        3983.2529551750927       0.30539568000000000       0.13155612000000000       0.11850218999999999     
   0.0000000000000000        2.2700000000000000        0.0000000000000000        1970.0767165304001        1695.2823987504798        4009.5597696051732       0.30578314000000001       0.13180438000000000       0.11877968000000000     
   0.0000000000000000        2.2799999999999998        0.0000000000000000        1986.0857020559997        1702.3193034358665        4035.9369745833460       0.30616932000000002       0.13205311000000000       0.11905741000000000     
   0.0000000000000000        2.2900000000000000        0.0000000000000000        2002.1461743405000        1709.3479738041444        4062.3845113333009       0.30655422999999998       0.13230231000000001       0.11933538000000000     
   0.0000000000000000        2.2999999999999998        0.0000000000000000        2018.2579590579999        1716.3683629093782        4088.9022350737696       0.30693787000000000       0.13255194000000001       0.11961358000000000     
   0.0000000000000000        2.3100000000000001        0.0000000000000000        2034.4210413912001        1723.3805176975034        4115.4902167870096       0.30732024000000002       0.13280201999999999       0.11989199000000000     
   0.0000000000000000        2.3199999999999998        0.0000000000000000        2050.6352331792000        1730.3845132820168        4142.1482686892768       0.30770135999999998       0.13305251000000001       0.12017061000000000     
   0.0000000000000000        2.3300000000000001        0.0000000000000000        2066.9003622581999        1737.3802745494218        4168.8762667494102       0.30808122999999998       0.13330343000000000       0.12044944000000000     
   0.0000000000000000        2.3399999999999999        0.0000000000000000        2083.2163442298001        1744.3678484456534        4195.6741520972046       0.30845984999999998       0.13355474000000001       0.12072845000000000     
   0.0000000000000000        2.3499999999999996        0.0000000000000000        2099.5831182094994        1751.3472913058349        4222.5419544963852       0.30883723000000002       0.13380644999999999       0.12100765999999999     
   0.0000000000000000        2.3599999999999999        0.0000000000000000        2116.0005294623998        1758.3186219083409        4249.4795061621790       0.30921336999999999       0.13405853000000001       0.12128704000000000     
   0.0000000000000000        2.3699999999999997        0.0000000000000000        2132.4683799674995        1765.2817651396733        4276.4866600599125       0.30958827999999999       0.13431100000000001       0.12156658999999999     
   0.0000000000000000        2.3799999999999999        0.0000000000000000        2148.9866587657998        1772.2367773349558        4303.5634691446039       0.30996195999999998       0.13456381000000001       0.12184630000000000     
   0.0000000000000000        2.3899999999999997        0.0000000000000000        2165.5551858726994        1779.1837711644332        4330.7097866632566       0.31033442999999999       0.13481698000000000       0.12212615999999998     
   0.0000000000000000        2.3999999999999999        0.0000000000000000        2182.1738924159999        1786.1227090713578        4357.9255323383222       0.31070565999999999       0.13507047999999999       0.12240616999999999     
   0.0000000000000000        2.4099999999999997        0.0000000000000000        2198.8425567000995        1793.0535441097932        4385.2105580084262       0.31107569000000002       0.13532432000000000       0.12268632999999998     
   0.0000000000000000        2.4199999999999999        0.0000000000000000        2215.5611578804001        1799.9763795607983        4412.5648961601573       0.31144451000000001       0.13557847000000001       0.12296661000000000     
   0.0000000000000000        2.4299999999999997        0.0000000000000000        2232.3295760678998        1806.8912154243726        4439.9884670793163       0.31181213000000002       0.13583295000000001       0.12324700999999999     
   0.0000000000000000        2.4399999999999999        0.0000000000000000        2249.1476846224000        1813.7979859762070        4467.4811223228553       0.31217854000000000       0.13608771000000000       0.12352754000000001     
   0.0000000000000000        2.4499999999999997        0.0000000000000000        2266.0153243734994        1820.6968414432945        4495.0427813315473       0.31254377000000000       0.13634277000000000       0.12380816999999998     
   0.0000000000000000        2.4600000000000000        0.0000000000000000        2282.9324263146000        1827.5877348797003        4522.6733866435698       0.31290779000000002       0.13659810999999999       0.12408890000000000     
   0.0000000000000000        2.4699999999999998        0.0000000000000000        2299.8988330512993        1834.4706193394884        4550.3728579813687       0.31327062999999999       0.13685372000000001       0.12436972999999998     
   0.0000000000000000        2.4800000000000000        0.0000000000000000        2316.9144723927998        1841.3456262712789        4578.1411150673994       0.31363229999999997       0.13710960000000000       0.12465065000000000     
   0.0000000000000000        2.4899999999999998        0.0000000000000000        2333.9792996081997        1848.2127932318194        4605.9781477613342       0.31399278000000003       0.13736572999999999       0.12493164999999999     
   0.0000000000000000        2.5000000000000000        0.0000000000000000        2351.0930306499999        1855.0719981616785        4633.8837123198809       0.31435208999999997       0.13762210999999999       0.12521272999999999     
   0.0000000000000000        2.5099999999999998        0.0000000000000000        2368.2556580060000        1861.9233631202881        4661.8578923067998       0.31471022999999998       0.13787873000000000       0.12549387000000001     
   0.0000000000000000        2.5200000000000000        0.0000000000000000        2385.4671214164000        1868.7669068860225        4689.9005846288201       0.31506720999999999       0.13813558000000001       0.12577509000000001     
   0.0000000000000000        2.5299999999999998        0.0000000000000000        2402.7271544990999        1875.6025543453848        4718.0115670438799       0.31542302000000000       0.13839264000000001       0.12605635000000001     
   0.0000000000000000        2.5400000000000000        0.0000000000000000        2420.0358034544001        1882.4304181686202        4746.1909489360123       0.31577768000000001       0.13864992000000001       0.12633767000000001     
   0.0000000000000000        2.5499999999999998        0.0000000000000000        2437.3928833964997        1889.2505077449166        4774.4385314422289       0.31613119000000001       0.13890739999999999       0.12661902999999999     
   0.0000000000000000        2.5600000000000001        0.0000000000000000        2454.7983326464000        1896.0628418526471        4802.7543301485866       0.31648355000000000       0.13916508999999999       0.12690043000000001     
   0.0000000000000000        2.5699999999999998        0.0000000000000000        2472.2519697385997        1902.8673265999416        4831.1381691017141       0.31683476999999999       0.13942294999999999       0.12718187000000000     
   0.0000000000000000        2.5800000000000001        0.0000000000000000        2489.7536549441998        1909.6640934354193        4859.5899919664898       0.31718482999999997       0.13968100999999999       0.12746331999999999     
   0.0000000000000000        2.5899999999999999        0.0000000000000000        2507.3034744344995        1916.4532456401384        4888.1097427833593       0.31753376999999999       0.13993923999999999       0.12774479999999999     
   0.0000000000000000        2.5999999999999996        0.0000000000000000        2524.9011670739992        1923.2345860411692        4916.6974392039929       0.31788157000000000       0.14019762999999999       0.12802628999999999     
   0.0000000000000000        2.6099999999999999        0.0000000000000000        2542.5465958485001        1930.0082554763198        4945.3528553245505       0.31822825999999999       0.14045616999999999       0.12830779000000000     
   0.0000000000000000        2.6199999999999997        0.0000000000000000        2560.2397736459993        1936.7743008915243        4974.0758613864627       0.31857381000000001       0.14071486999999999       0.12858929999999999     
   0.0000000000000000        2.6299999999999999        0.0000000000000000        2577.9804951516999        1943.5326753408481        5002.8667219770286       0.31891823000000002       0.14097372000000000       0.12887080000000001     
   0.0000000000000000        2.6399999999999997        0.0000000000000000        2595.7687511183995        1950.2834445485998        5031.7248889554967       0.31926155000000001       0.14123268999999999       0.12915229000000000     
   0.0000000000000000        2.6499999999999999        0.0000000000000000        2613.6043552130000        1957.0265897364070        5060.6505534857224       0.31960375000000002       0.14149181000000000       0.12943377000000000     
   0.0000000000000000        2.6599999999999997        0.0000000000000000        2631.4872216107997        1963.7621484610163        5089.6437610113671       0.31994484000000001       0.14175103999999999       0.12971524000000001     
   0.0000000000000000        2.6699999999999999        0.0000000000000000        2649.4172591075999        1970.4901019440554        5118.7042580243833       0.32028483000000002       0.14201037999999999       0.12999667000000001     
   0.0000000000000000        2.6799999999999997        0.0000000000000000        2667.3944066719996        1977.2105534665804        5147.8320651809772       0.32062372000000000       0.14226983000000001       0.13027807000000000     
   0.0000000000000000        2.6899999999999999        0.0000000000000000        2685.4185024244998        1983.9234560826580        5177.0269268135889       0.32096150000000001       0.14252939000000001       0.13055944999999999     
   0.0000000000000000        2.6999999999999997        0.0000000000000000        2703.4894522169993        1990.6287816247250        5206.2887113797015       0.32129819999999998       0.14278904000000001       0.13084079000000001     
   0.0000000000000000        2.7100000000000000        0.0000000000000000        2721.6072437096000        1997.3266615414022        5235.6177954796140       0.32163380000000003       0.14304879000000001       0.13112208000000000     
   0.0000000000000000        2.7199999999999998        0.0000000000000000        2739.7714774143997        2004.0170676651278        5265.0137707775766       0.32196831999999997       0.14330861000000000       0.13140331999999999     
   0.0000000000000000        2.7300000000000000        0.0000000000000000        2757.9825140868002        2010.6999530499666        5294.4764547477944       0.32230175999999999       0.14356852000000001       0.13168450000000001     
   0.0000000000000000        2.7399999999999998        0.0000000000000000        2776.2397932059994        2017.3754209769761        5324.0059463522948       0.32263410999999997       0.14382848000000001       0.13196563000000000     
   0.0000000000000000        2.7500000000000000        0.0000000000000000        2794.5437605524999        2024.0434808353443        5353.6021922605005       0.32296540000000001       0.14408851000000000       0.13224669000000000     
   0.0000000000000000        2.7599999999999998        0.0000000000000000        2812.8937772303998        2030.7040856791352        5383.2651654315487       0.32329560000000002       0.14434860999999999       0.13252768000000001     
   0.0000000000000000        2.7700000000000000        0.0000000000000000        2831.2899257346003        2037.3573481785943        5412.9948395757183       0.32362475000000002       0.14460875000000001       0.13280860000000000     
   0.0000000000000000        2.7799999999999998        0.0000000000000000        2849.7322549887995        2044.0032213877860        5442.7907193194933       0.32395283000000002       0.14486893000000001       0.13308945000000000     
   0.0000000000000000        2.7900000000000000        0.0000000000000000        2868.2204388561004        2050.6417146958979        5472.6531677427411       0.32427983999999999       0.14512916000000001       0.13337019999999999     
   0.0000000000000000        2.7999999999999998        0.0000000000000000        2886.7545410479997        2057.2729313839877        5502.5818970668761       0.32460580999999999       0.14538941999999999       0.13365087000000000     
   0.0000000000000000        2.8100000000000001        0.0000000000000000        2905.3345707069002        2063.8967587818092        5532.5768275777027       0.32493071000000001       0.14564969999999999       0.13393146000000000     
   0.0000000000000000        2.8199999999999998        0.0000000000000000        2923.9601930658000        2070.5133471163585        5562.6382502461238       0.32525457000000002       0.14591001000000001       0.13421194000000000     
   0.0000000000000000        2.8300000000000001        0.0000000000000000        2942.6312284960995        2077.1226118849495        5592.7656110162134       0.32557738000000003       0.14617034000000001       0.13449232000000000     
   0.0000000000000000        2.8399999999999999        0.0000000000000000        2961.3479791995996        2083.7246094227066        5622.9590157041075       0.32589915000000003       0.14643068000000001       0.13477259999999999     
   0.0000000000000000        2.8499999999999996        0.0000000000000000        2980.1100818549990        2090.3193960647509        5653.2184657181833       0.32621988000000002       0.14669101000000001       0.13505278000000001     
   0.0000000000000000        2.8599999999999999        0.0000000000000000        2998.9176351706001        2096.9069060867737        5683.5437487689214       0.32653957000000000       0.14695135000000001       0.13533282999999999     
   0.0000000000000000        2.8699999999999997        0.0000000000000000        3017.7702201058987        2103.4872333806456        5713.9349471056012       0.32685823000000003       0.14721170000000000       0.13561276999999999     
   0.0000000000000000        2.8799999999999999        0.0000000000000000        3036.6681071904000        2110.0604248923032        5744.3918748223177       0.32717587999999997       0.14747202000000001       0.13589259000000001     
   0.0000000000000000        2.8899999999999997        0.0000000000000000        3055.6108261356990        2116.6263585623124        5774.9143987803936       0.32749249000000002       0.14773233000000000       0.13617227000000001     
   0.0000000000000000        2.8999999999999999        0.0000000000000000        3074.5986810170002        2123.1852033960427        5805.5027935196686       0.32780807000000001       0.14799261999999999       0.13645183999999999     
   0.0000000000000000        2.9099999999999997        0.0000000000000000        3093.6312473612988        2129.7368936691832        5836.1565734313754       0.32812265000000002       0.14825288000000000       0.13673126999999999     
   0.0000000000000000        2.9199999999999999        0.0000000000000000        3112.7085964655998        2136.2813730466123        5866.8757681853531       0.32843621000000001       0.14851311000000000       0.13701056000000000     
   0.0000000000000000        2.9299999999999997        0.0000000000000000        3131.8306180413992        2142.8188574796327        5897.6604914846494       0.32874874999999998       0.14877330000000000       0.13728971000000001     
   0.0000000000000000        2.9399999999999999        0.0000000000000000        3150.9972081084002        2149.3492718547486        5928.5106112234107       0.32906029999999997       0.14903345000000001       0.13756871000000001     
   0.0000000000000000        2.9499999999999997        0.0000000000000000        3170.2083194819988        2155.8725222800877        5959.4257452617148       0.32937083000000000       0.14929355999999999       0.13784756000000001     
   0.0000000000000000        2.9600000000000000        0.0000000000000000        3189.4639018712001        2162.3887965393933        5990.4062299202478       0.32968037000000000       0.14955361000000000       0.13812626000000000     
   0.0000000000000000        2.9699999999999998        0.0000000000000000        3208.7636773928989        2168.8980852434775        6021.4519052072574       0.32998891000000002       0.14981361000000001       0.13840480999999999     
   0.0000000000000000        2.9800000000000000        0.0000000000000000        3228.1078303461995        2175.4002757220956        6052.5626379840733       0.33029646000000001       0.15007355000000000       0.13868319000000001     
   0.0000000000000000        2.9899999999999998        0.0000000000000000        3247.4960198082990        2181.8955463698021        6083.7384066555633       0.33060303000000002       0.15033342000000000       0.13896141000000001     
   0.0000000000000000        3.0000000000000000        0.0000000000000000        3266.9283825900002        2188.3837375704165        6114.9790213723663       0.33090860000000000       0.15059322999999999       0.13923946000000001     
   0.0000000000000000        3.0099999999999998        0.0000000000000000        3286.4047091602997        2194.8650371076819        6146.2844603515668       0.33121318000000000       0.15085295000000001       0.13951733999999999     
   0.0000000000000000        3.0200000000000000        0.0000000000000000        3305.9248211620002        2201.3393886464737        6177.6545040739693       0.33151681000000000       0.15111258999999999       0.13979504000000001     
   0.0000000000000000        3.0299999999999998        0.0000000000000000        3325.4888983367996        2207.8067921867937        6209.0893863303309       0.33181944000000002       0.15137216000000001       0.14007257000000001     
