# DNS(CMF) hadronic no electrons EOS from CompOSE: https://compose.obspm.fr/eos/117
#
# n0   = 0.15       fm^-3   
# E0   = -16.0      MeV
# K0   = 300.0      MeV
# Esym = 30.0       MeV
# Lsym = 88.0       MeV
# Ksym = 0.0     MeV
# mN   = 939.565421 MeV
# mP   = 938.272088 MeV
#
#             T [MeV]                     nB [fm^-3]                   YQ         pressure P [MeV fm^-3]       muB - mN [MeV]     energy density [MeV fm^-3]   proton fraction Yp       electron fraction Ye       muon fraction Ymu
#
   0.0000000000000000        1.0000000000000000E-002   0.0000000000000000        5.9799791999999999E-003   2.2787275476761248        9.4059944271968483        0.0000000000000000        0.0000000000000000        0.0000000000000000     
   0.0000000000000000        2.0000000000000000E-002   0.0000000000000000        1.1488227400000000E-002   2.5740268719445001        18.818366741423965        0.0000000000000000        0.0000000000000000        0.0000000000000000     
   0.0000000000000000        2.9999999999999999E-002   0.0000000000000000        1.6524744899999999E-002   2.8693355854000000        28.237116661005743        0.0000000000000000        0.0000000000000000        0.0000000000000000     
   0.0000000000000000        4.0000000000000001E-002   0.0000000000000000        2.9693263600000002E-002   3.3478555072256251        37.660969228222470        0.0000000000000000        0.0000000000000000        0.0000000000000000     
   0.0000000000000000        5.0000000000000003E-002   0.0000000000000000        7.8078438000000000E-002   4.4001580434471252        47.087865394337634        0.0000000000000000        0.0000000000000000        0.0000000000000000     
   0.0000000000000000        6.0000000000000005E-002   0.0000000000000000       0.16761438960000008        6.0109763757992507        56.528166878478658        0.0000000000000000        0.0000000000000000        0.0000000000000000     
   0.0000000000000000        6.9999999999999993E-002   0.0000000000000000       0.31054306430000012        8.2019338022308688        65.987902477698469        0.0000000000000000        0.0000000000000000        0.0000000000000000     
   0.0000000000000000        8.0000000000000002E-002   0.0000000000000000       0.51672174320000008        10.944336966887999        75.472321686518711        0.0000000000000000        0.0000000000000000        0.0000000000000000     
   0.0000000000000000        8.9999999999999997E-002   0.0000000000000000       0.79614333000000004        14.225829699514124        84.986865069418897        0.0000000000000000        0.0000000000000000        0.0000000000000000     
   0.0000000000000000        9.9999999999999992E-002   0.0000000000000000        1.1582513559999998        18.032253105924752        94.536844559015037        0.0000000000000000        0.0000000000000000        0.0000000000000000     
   0.0000000000000000       0.11000000000000000        0.0000000000000000        1.6122108177999999        22.352152377827377        104.12758401219077        0.0000000000000000        0.0000000000000000        0.0000000000000000     
   0.0000000000000000       0.12000000000000000        0.0000000000000000        2.1658902863999998        27.162589731075624        113.76386571751627        0.0000000000000000        0.0000000000000000        0.0000000000000000     
   0.0000000000000000       0.13000000000000000        0.0000000000000000        2.8274226734000001        32.452063411441372        123.45077833273777        0.0000000000000000        0.0000000000000000        0.0000000000000000     
   0.0000000000000000       0.14000000000000001        0.0000000000000000        3.6034747812000005        38.197363348351629        133.19277599433545        0.0000000000000000        0.0000000000000000        0.0000000000000000     
   0.0000000000000000       0.15000000000000002        0.0000000000000000        4.5007305915000027        44.383016161424393        142.99452803895838        0.0000000000000000        0.0000000000000000        0.0000000000000000     
   0.0000000000000000       0.16000000000000000        0.0000000000000000        5.5246094511999999        50.986196736758750        152.86017575537190        0.0000000000000000        0.0000000000000000        0.0000000000000000     
   0.0000000000000000       0.17000000000000001        0.0000000000000000        6.6802218896000003        57.987920137987999        162.79390465541249        0.0000000000000000        0.0000000000000000        0.0000000000000000     
   0.0000000000000000       0.18000000000000002        0.0000000000000000        7.9717767876000041        65.366610013098892        172.79958101855462        0.0000000000000000        0.0000000000000000        0.0000000000000000     
   0.0000000000000000       0.19000000000000000        0.0000000000000000        9.4026654776000012        73.099337967132115        182.88076456731275        0.0000000000000000        0.0000000000000000        0.0000000000000000     
   0.0000000000000000       0.20000000000000001        0.0000000000000000        10.975918086000000        81.165982972078865        193.04102065771414        0.0000000000000000        0.0000000000000000        0.0000000000000000     
   0.0000000000000000       0.21000000000000002        0.0000000000000000        12.693705681300004        89.544348989575653        203.28353757603065        0.0000000000000000        0.0000000000000000        0.0000000000000000     
   0.0000000000000000       0.22000000000000000        0.0000000000000000        14.557575516000000        98.212286927194498        213.61124315248350        0.0000000000000000        0.0000000000000000        0.0000000000000000     
   0.0000000000000000       0.23000000000000001        0.0000000000000000        16.568725797500001        107.14972270286225        224.02701451568345        0.0000000000000000        0.0000000000000000        0.0000000000000000     
   0.0000000000000000       0.24000000000000002        0.0000000000000000        18.727786867200006        116.33645078588590        234.53345012316728        0.0000000000000000        0.0000000000000000        0.0000000000000000     
   0.0000000000000000       0.25000000000000000        0.0000000000000000        21.034910000000000        125.75252854281187        245.13289980679679        0.0000000000000000        0.0000000000000000        0.0000000000000000     
   0.0000000000000000       0.26000000000000001        0.0000000000000000        23.489930219600001        135.37937477231989        255.82757256062689        0.0000000000000000        0.0000000000000000        0.0000000000000000     
   0.0000000000000000       0.27000000000000002        0.0000000000000000        26.092350922500000        145.19918757562087        266.61948123859344        0.0000000000000000        0.0000000000000000        0.0000000000000000     
   0.0000000000000000       0.28000000000000003        0.0000000000000000        28.841419810000001        155.19528236719376        277.51049823239288        0.0000000000000000        0.0000000000000000        0.0000000000000000     
   0.0000000000000000       0.29000000000000004        0.0000000000000000        31.736132634800015        165.35176325323593        288.50230589657434       -1.0754314105909623E-018   0.0000000000000000        0.0000000000000000     
   0.0000000000000000       0.29999999999999999        0.0000000000000000        34.775290448999996        175.65361692353437        299.59640781556385        0.0000000000000000        0.0000000000000000        0.0000000000000000     
   0.0000000000000000       0.31000000000000000        0.0000000000000000        37.748621883100000        185.40728290353977        310.79243668436123        2.3247900000000002E-003   0.0000000000000000        0.0000000000000000     
   0.0000000000000000       0.32000000000000001        0.0000000000000000        40.504804668800006        194.15805224997538        322.07975568065632        8.2612799999999993E-003   0.0000000000000000        0.0000000000000000     
   0.0000000000000000       0.33000000000000002        0.0000000000000000        43.269955456200009        202.66658995777311        333.45319408520749        1.5023060000000000E-002   0.0000000000000000        0.0000000000000000     
   0.0000000000000000       0.34000000000000002        0.0000000000000000        46.086732181999999        211.07501076325698        344.91113573723487        2.2068740000000000E-002   0.0000000000000000        0.0000000000000000     
   0.0000000000000000       0.35000000000000003        0.0000000000000000        48.972875346500018        219.44072954569643        356.45292902715192        2.9175750000000038E-002   0.0000000000000000        0.0000000000000000     
   0.0000000000000000       0.36000000000000004        0.0000000000000000        51.938271662400020        227.79396070925955        368.07828889923775        3.6228510000000040E-002   0.0000000000000000        0.0000000000000000     
   0.0000000000000000       0.37000000000000000        0.0000000000000000        54.988944393099999        236.15192402313360        379.78719169274046        4.3162399999999997E-002   0.0000000000000000        0.0000000000000000     
   0.0000000000000000       0.38000000000000000        0.0000000000000000        58.128904642199998        244.52512598771165        391.57975608698575        4.9939310000000001E-002   0.0000000000000000        0.0000000000000000     
   0.0000000000000000       0.39000000000000001        0.0000000000000000        61.360909985699998        252.91989491511575        403.45614207372182        5.6538329999999998E-002   0.0000000000000000        0.0000000000000000     
   0.0000000000000000       0.40000000000000002        0.0000000000000000        64.615315228000000        261.15936668747236        415.41591624807120        6.2285729999999997E-002   0.0000000000000000        0.0000000000000000     
   0.0000000000000000       0.41000000000000003        0.0000000000000000        67.910779999800027        269.29640242829532        427.45741315602163        6.7345860000000021E-002   0.0000000000000000        0.0000000000000000     
   0.0000000000000000       0.42000000000000004        0.0000000000000000        71.278779213600018        277.41207776840878        439.58014887886873        7.2013490000000027E-002   0.0000000000000000        0.0000000000000000     
   0.0000000000000000       0.42999999999999999        0.0000000000000000        74.727953391599996        285.52777188689652        451.78403468879384        7.6374410000000004E-002   0.0000000000000000        0.0000000000000000     
   0.0000000000000000       0.44000000000000000        0.0000000000000000        78.262719722000000        293.65363449504059        464.06911518443633        8.0476560000000003E-002   0.0000000000000000        0.0000000000000000     
   0.0000000000000000       0.45000000000000001        0.0000000000000000        81.885747352500005        301.79524276999337        476.43553402035889        8.4352250000000004E-002   0.0000000000000000        0.0000000000000000     
   0.0000000000000000       0.46000000000000002        0.0000000000000000        85.598782071000016        309.95572331106735        488.88345400506626        8.8025510000000001E-002   0.0000000000000000        0.0000000000000000     
   0.0000000000000000       0.47000000000000003        0.0000000000000000        89.403023050600012        318.13685067462927        501.41308893034955        9.1515250000000020E-002   0.0000000000000000        0.0000000000000000     
   0.0000000000000000       0.48000000000000004        0.0000000000000000        93.299335848000013        326.33957316857868        514.02464019427225        9.4837010000000013E-002   0.0000000000000000        0.0000000000000000     
   0.0000000000000000       0.48999999999999999        0.0000000000000000        97.288296310100009        334.56419124690348        526.71832618932694        9.8004469999999996E-002   0.0000000000000000        0.0000000000000000     
   0.0000000000000000       0.50000000000000000        0.0000000000000000        101.37032219500000        342.81067674204246        539.49437338270718       0.10102918000000000        0.0000000000000000        0.0000000000000000     
   0.0000000000000000       0.51000000000000001        0.0000000000000000        105.54571475370001        351.07873858919476        552.35298232745004       0.10392132000000000        0.0000000000000000        0.0000000000000000     
   0.0000000000000000       0.52000000000000002        0.0000000000000000        109.81469243680000        359.36799183168813        565.29438737766611       0.10668944000000000        0.0000000000000000        0.0000000000000000     
   0.0000000000000000       0.53000000000000003        0.0000000000000000        114.17734377560001        367.67776983723678        578.31878936806788       0.10934219000000001        0.0000000000000000        0.0000000000000000     
   0.0000000000000000       0.54000000000000004        0.0000000000000000        118.63371439800001        376.00739658436760        591.42638687996305       0.11188690000000000        0.0000000000000000        0.0000000000000000     
   0.0000000000000000       0.55000000000000004        0.0000000000000000        123.18384588950001        384.35623360835626        604.61737530233574       0.11432989000000000        0.0000000000000000        0.0000000000000000     
   0.0000000000000000       0.56000000000000005        0.0000000000000000        127.82767369120002        392.72347343910985        617.89194589292777       0.11667755000000000        0.0000000000000000        0.0000000000000000     
   0.0000000000000000       0.57000000000000006        0.0000000000000000        132.56512687710006        401.10830860653584        631.25027413564646       0.11893556000000002        0.0000000000000000        0.0000000000000000     
   0.0000000000000000       0.58000000000000007        0.0000000000000000        137.38952502940006        409.49859889168135        644.69251786272719       0.12114972000000003        0.0000000000000000        0.0000000000000000     
   0.0000000000000000       0.58999999999999997        0.0000000000000000        142.29600911140000        417.88574379913990        658.21861595056203       0.12335483999999999        0.0000000000000000        0.0000000000000000     
   0.0000000000000000       0.59999999999999998        0.0000000000000000        147.29216798400000        426.28262529364707        671.82863008611014       0.12550763000000001        0.0000000000000000        0.0000000000000000     
   0.0000000000000000       0.60999999999999999        0.0000000000000000        152.37955413969999        434.69151555848720        685.52268157766957       0.12760144000000001        0.0000000000000000        0.0000000000000000     
   0.0000000000000000       0.62000000000000000        0.0000000000000000        157.55875952380001        443.11296855570060        699.30088084208069       0.12963526000000000        0.0000000000000000        0.0000000000000000     
   0.0000000000000000       0.63000000000000000        0.0000000000000000        162.83007237420000        451.54705939878426        713.16335604174765       0.13160943999999999        0.0000000000000000        0.0000000000000000     
   0.0000000000000000       0.64000000000000001        0.0000000000000000        168.19355185280003        459.99345946618871        727.11023646577723       0.13352575999999999        0.0000000000000000        0.0000000000000000     
   0.0000000000000000       0.65000000000000002        0.0000000000000000        173.64921995200001        468.45184952555184        741.14164642700712       0.13538570999999999        0.0000000000000000        0.0000000000000000     
   0.0000000000000000       0.66000000000000003        0.0000000000000000        179.19698431800001        476.92169439320742        755.25768620195549       0.13719143000000000        0.0000000000000000        0.0000000000000000     
   0.0000000000000000       0.67000000000000004        0.0000000000000000        184.83674392400002        485.40253399898648        769.45848676978301       0.13894481000000000        0.0000000000000000        0.0000000000000000     
   0.0000000000000000       0.68000000000000005        0.0000000000000000        190.56835660320002        493.89379560247426        783.74414192846905       0.14064794000000000        0.0000000000000000        0.0000000000000000     
   0.0000000000000000       0.69000000000000006        0.0000000000000000        196.39165771410006        502.39495340919188        798.11477026344687       0.14230270000000003        0.0000000000000000        0.0000000000000000     
   0.0000000000000000       0.70000000000000007        0.0000000000000000        202.30646999500007        510.90546284628590        812.57045130113158       0.14391111000000004        0.0000000000000000        0.0000000000000000     
   0.0000000000000000       0.71000000000000008        0.0000000000000000        208.31261572010004        519.42480750846448        827.11128268906896       0.14547491000000004        0.0000000000000000        0.0000000000000000     
   0.0000000000000000       0.71999999999999997        0.0000000000000000        214.40987830079999        527.95244282287433        841.73734780324082       0.14699599999999999        0.0000000000000000        0.0000000000000000     
   0.0000000000000000       0.72999999999999998        0.0000000000000000        220.59807376949999        536.48788055178522        856.44873537146589       0.14847597000000001        0.0000000000000000        0.0000000000000000     
   0.0000000000000000       0.73999999999999999        0.0000000000000000        226.87697649719999        545.03058551153083        871.24549825486713       0.14991661000000001        0.0000000000000000        0.0000000000000000     
   0.0000000000000000       0.75000000000000000        0.0000000000000000        233.24638810499999        553.58012579950355        886.12774264515133       0.15131929999999999        0.0000000000000000        0.0000000000000000     
   0.0000000000000000       0.76000000000000001        0.0000000000000000        239.70607760440001        562.13599439959830        901.09550337620226       0.15268575000000001        0.0000000000000000        0.0000000000000000     
   0.0000000000000000       0.77000000000000002        0.0000000000000000        246.25584738369997        570.69778757676920        916.14885490427446       0.15401718000000000        0.0000000000000000        0.0000000000000000     
   0.0000000000000000       0.78000000000000003        0.0000000000000000        252.89546770020004        579.26503587165951        931.28784821265333       0.15531511000000001        0.0000000000000000        0.0000000000000000     
   0.0000000000000000       0.79000000000000004        0.0000000000000000        259.62471774380003        587.83731677084882        946.51254649056887       0.15658074999999999        0.0000000000000000        0.0000000000000000     
   0.0000000000000000       0.80000000000000004        0.0000000000000000        266.44339507200004        596.41426409603935        961.82298851536348       0.15781538000000001        0.0000000000000000        0.0000000000000000     
   0.0000000000000000       0.81000000000000005        0.0000000000000000        273.35126413260002        604.99547411218464        977.21921766508149       0.15902019000000001        0.0000000000000000        0.0000000000000000     
   0.0000000000000000       0.82000000000000006        0.0000000000000000        280.34812136980008        613.58056186261263        992.70128238792938       0.16019623999999999        0.0000000000000000        0.0000000000000000     
   0.0000000000000000       0.83000000000000007        0.0000000000000000        287.43374696920006        622.16919872577364        1008.2692210856812       0.16134471000000000        0.0000000000000000        0.0000000000000000     
   0.0000000000000000       0.84000000000000008        0.0000000000000000        294.60792023880009        630.76101852337024        1023.9230537573065       0.16246650000000001        0.0000000000000000        0.0000000000000000     
   0.0000000000000000       0.84999999999999998        0.0000000000000000        301.87043760500001        639.35571141222681        1039.6628129832845       0.16356267999999999        0.0000000000000000        0.0000000000000000     
   0.0000000000000000       0.85999999999999999        0.0000000000000000        309.22109192919999        647.95295815998156        1055.4885448645234       0.16463416000000000        0.0000000000000000        0.0000000000000000     
   0.0000000000000000       0.87000000000000000        0.0000000000000000        316.65965752950001        656.55246770183351        1071.4002609497238       0.16568178000000000        0.0000000000000000        0.0000000000000000     
   0.0000000000000000       0.88000000000000000        0.0000000000000000        324.18594533599997        665.15393019460737        1087.3979776699634       0.16670647999999999        0.0000000000000000        0.0000000000000000     
   0.0000000000000000       0.89000000000000001        0.0000000000000000        331.79973908400001        673.75708274106364        1103.4817168081561       0.16770895000000000        0.0000000000000000        0.0000000000000000     
   0.0000000000000000       0.90000000000000002        0.0000000000000000        339.50083561200000        682.36166244396316        1119.6514975182436       0.16869007000000000        0.0000000000000000        0.0000000000000000     
   0.0000000000000000       0.91000000000000003        0.0000000000000000        347.28903756820000        690.96741579525315        1135.9073277810346       0.16965053999999999        0.0000000000000000        0.0000000000000000     
   0.0000000000000000       0.92000000000000004        0.0000000000000000        355.16414555599999        699.57408928688142        1152.2492298489030       0.17059103000000000        0.0000000000000000        0.0000000000000000     
   0.0000000000000000       0.93000000000000005        0.0000000000000000        363.12596763960005        708.18145757835691        1168.6771887930413       0.17151229000000001        0.0000000000000000        0.0000000000000000     
   0.0000000000000000       0.94000000000000006        0.0000000000000000        371.17429501260006        716.78929532918869        1185.1912300581466       0.17241487000000000        0.0000000000000000        0.0000000000000000     
   0.0000000000000000       0.95000000000000007        0.0000000000000000        379.30895069600007        725.39739597725986        1201.7913504518951       0.17329947000000001        0.0000000000000000        0.0000000000000000     
   0.0000000000000000       0.96000000000000008        0.0000000000000000        387.52974790080003        734.00555296045400        1218.4775527910431       0.17416666000000000        0.0000000000000000        0.0000000000000000     
   0.0000000000000000       0.96999999999999997        0.0000000000000000        395.83648119230003        742.61357849502815        1235.2498372633740       0.17501694000000001        0.0000000000000000        0.0000000000000000     
   0.0000000000000000       0.97999999999999998        0.0000000000000000        404.22897739280000        751.22126601886589        1252.1081922262961       0.17585095000000001        0.0000000000000000        0.0000000000000000     
   0.0000000000000000       0.98999999999999999        0.0000000000000000        412.70705458290001        759.82845591578598        1269.0526309185634       0.17666914000000000        0.0000000000000000        0.0000000000000000     
   0.0000000000000000        1.0000000000000000        0.0000000000000000        421.27053708000000        768.43497918042033        1286.0831365335307       0.17747202000000001        0.0000000000000000        0.0000000000000000     
   0.0000000000000000        1.0100000000000000        0.0000000000000000        429.91921762710001        777.04061047227754        1303.1996892600132       0.17826009000000001        0.0000000000000000        0.0000000000000000     
   0.0000000000000000        1.0200000000000000        0.0000000000000000        438.65298609299998        785.64532162379680        1320.4023237441113       0.17903377000000001        0.0000000000000000        0.0000000000000000     
   0.0000000000000000        1.0300000000000000        0.0000000000000000        447.47162448110004        794.24887790529954        1337.6909868430257       0.17979353000000001        0.0000000000000000        0.0000000000000000     
   0.0000000000000000        1.0400000000000000        0.0000000000000000        456.37493781360001        802.85111031141753        1355.0656798712434       0.18053975000000000        0.0000000000000000        0.0000000000000000     
   0.0000000000000000        1.0500000000000000        0.0000000000000000        465.36279015450003        811.45190617190553        1372.5263628308264       0.18127286000000001        0.0000000000000000        0.0000000000000000     
   0.0000000000000000        1.0600000000000001        0.0000000000000000        474.43503707960002        820.05121854082790        1390.0730819165756       0.18199327000000001        0.0000000000000000        0.0000000000000000     
   0.0000000000000000        1.0700000000000001        0.0000000000000000        483.59146217850002        828.64879391013199        1407.7057627661293       0.18270127999999999        0.0000000000000000        0.0000000000000000     
   0.0000000000000000        1.0800000000000001        0.0000000000000000        492.83195070240004        837.24460411225664        1425.4244279135360       0.18339732000000000        0.0000000000000000        0.0000000000000000     
   0.0000000000000000        1.0900000000000001        0.0000000000000000        502.15631651240005        845.83848953102063        1443.2290275022126       0.18408168000000000        0.0000000000000000        0.0000000000000000     
   0.0000000000000000        1.1000000000000001        0.0000000000000000        511.56441716600006        854.43036566373985        1461.1195599359967       0.18475470999999999        0.0000000000000000        0.0000000000000000     
   0.0000000000000000        1.1100000000000001        0.0000000000000000        521.05606093920005        863.02007289423318        1479.0959804284664       0.18541674000000000        0.0000000000000000        0.0000000000000000     
   0.0000000000000000        1.1200000000000001        0.0000000000000000        530.63117077599998        871.60762061168782        1497.1583253157758       0.18606805000000001        0.0000000000000000        0.0000000000000000     
   0.0000000000000000        1.1300000000000001        0.0000000000000000        540.28952513690012        880.19282103236139        1515.3064930069197       0.18670894000000002        0.0000000000000000        0.0000000000000000     
   0.0000000000000000        1.1400000000000001        0.0000000000000000        550.03101800820025        888.77563659950499        1533.5405375836165       0.18733969000000003        0.0000000000000000        0.0000000000000000     
   0.0000000000000000        1.1500000000000001        0.0000000000000000        559.85549913150021        897.35599219962182        1551.8604059030663       0.18796059000000001        0.0000000000000000        0.0000000000000000     
   0.0000000000000000        1.1600000000000001        0.0000000000000000        569.76278053960016        905.93370943815671        1570.2660309264738       0.18857187000000000        0.0000000000000000        0.0000000000000000     
   0.0000000000000000        1.1699999999999999        0.0000000000000000        579.75276147750003        914.50881648267045        1588.7574411030753       0.18917380000000000        0.0000000000000000        0.0000000000000000     
   0.0000000000000000        1.1799999999999999        0.0000000000000000        589.82532064700001        923.08122883047952        1607.3345873274227       0.18976662999999999        0.0000000000000000        0.0000000000000000     
   0.0000000000000000        1.1899999999999999        0.0000000000000000        599.98024063039998        931.65075869784141        1625.9974178650953       0.19035055000000001        0.0000000000000000        0.0000000000000000     
   0.0000000000000000        1.2000000000000000        0.0000000000000000        610.21748142000001        940.21747180906550        1644.7459684888950       0.19092585000000001        0.0000000000000000        0.0000000000000000     
   0.0000000000000000        1.2100000000000000        0.0000000000000000        620.53684047630009        948.78127427228105        1663.5801503771122       0.19149269999999999        0.0000000000000000        0.0000000000000000     
   0.0000000000000000        1.2200000000000000        0.0000000000000000        630.93817212739998        957.34205341724225        1682.4999167715953       0.19205132000000000        0.0000000000000000        0.0000000000000000     
   0.0000000000000000        1.2300000000000000        0.0000000000000000        641.42144730809991        965.89985618988510        1701.5053456964886       0.19260192000000001        0.0000000000000000        0.0000000000000000     
   0.0000000000000000        1.2400000000000000        0.0000000000000000        651.98643583479998        974.45448541727933        1720.5963074871186       0.19314469000000001        0.0000000000000000        0.0000000000000000     
   0.0000000000000000        1.2500000000000000        0.0000000000000000        662.63305781249994        983.00598804536116        1739.7728084342398       0.19367982000000000        0.0000000000000000        0.0000000000000000     
   0.0000000000000000        1.2600000000000000        0.0000000000000000        673.36115408100000        991.55425140388479        1759.0347834707864       0.19420747999999999        0.0000000000000000        0.0000000000000000     
   0.0000000000000000        1.2700000000000000        0.0000000000000000        684.17066108190011        1000.0993130495988        1778.3822483705922       0.19472787000000000        0.0000000000000000        0.0000000000000000     
   0.0000000000000000        1.2800000000000000        0.0000000000000000        695.06136235520000        1008.6410509230706        1797.8151227622157       0.19524111999999999        0.0000000000000000        0.0000000000000000     
   0.0000000000000000        1.2900000000000000        0.0000000000000000        706.03324122899994        1017.1795119702356        1817.3334322781373       0.19574744999999999        0.0000000000000000        0.0000000000000000     
   0.0000000000000000        1.3000000000000000        0.0000000000000000        717.08611598000005        1025.7145553532873        1836.9370808669730       0.19624696000000000        0.0000000000000000        0.0000000000000000     
   0.0000000000000000        1.3100000000000001        0.0000000000000000        728.21991065669999        1034.2461810722255        1856.6261043954178       0.19673984999999999        0.0000000000000000        0.0000000000000000     
   0.0000000000000000        1.3200000000000001        0.0000000000000000        739.43444688959994        1042.7743515703014        1876.4003783628498       0.19722624000000000        0.0000000000000000        0.0000000000000000     
   0.0000000000000000        1.3300000000000001        0.0000000000000000        750.72962196540004        1051.2989729556443        1896.2599115012138       0.19770628000000001        0.0000000000000000        0.0000000000000000     
   0.0000000000000000        1.3400000000000001        0.0000000000000000        762.10541710600000        1059.8201860660608        1916.2047125424538       0.19818011999999999        0.0000000000000000        0.0000000000000000     
   0.0000000000000000        1.3500000000000001        0.0000000000000000        773.56160906850005        1068.3378312853697        1936.2346761398896       0.19864787000000000        0.0000000000000000        0.0000000000000000     
   0.0000000000000000        1.3600000000000001        0.0000000000000000        785.09817539040000        1076.8519180027583        1956.3498467982683       0.19910970000000000        0.0000000000000000        0.0000000000000000     
   0.0000000000000000        1.3700000000000001        0.0000000000000000        796.71493648620014        1085.3623617155426        1976.5501029276174       0.19956568999999999        0.0000000000000000        0.0000000000000000     
   0.0000000000000000        1.3800000000000001        0.0000000000000000        808.41183096180021        1093.8691812020968        1996.8354617101486       0.20001600000000000        0.0000000000000000        0.0000000000000000     
   0.0000000000000000        1.3900000000000001        0.0000000000000000        820.18869277250030        1102.3722919597362        2017.2058232449112       0.20046072000000001        0.0000000000000000        0.0000000000000000     
   0.0000000000000000        1.4000000000000001        0.0000000000000000        832.04551452400028        1110.8718348262680        2037.6612423647571       0.20089998000000001        0.0000000000000000        0.0000000000000000     
   0.0000000000000000        1.4100000000000001        0.0000000000000000        843.98212620030029        1119.3676595746986        2058.2016297785185       0.20133387999999999        0.0000000000000000        0.0000000000000000     
   0.0000000000000000        1.4199999999999999        0.0000000000000000        855.99848237719993        1127.8598225401502        2078.8270002272175       0.20176255000000001        0.0000000000000000        0.0000000000000000     
   0.0000000000000000        1.4299999999999999        0.0000000000000000        868.09438597309986        1136.3481547172551        2099.5372077089951       0.20218607000000000        0.0000000000000000        0.0000000000000000     
   0.0000000000000000        1.4399999999999999        0.0000000000000000        880.26981183359999        1144.8327499978841        2120.3322913767615       0.20260455999999999        0.0000000000000000        0.0000000000000000     
   0.0000000000000000        1.4500000000000000        0.0000000000000000        892.52467327349996        1153.3136177712242        2141.2122098242021       0.20301810000000001        0.0000000000000000        0.0000000000000000     
   0.0000000000000000        1.4600000000000000        0.0000000000000000        904.85881407459999        1161.7906829237791        2162.1769068100848       0.20342679000000000        0.0000000000000000        0.0000000000000000     
   0.0000000000000000        1.4700000000000000        0.0000000000000000        917.27222433210011        1170.2640581257938        2183.2263936014351       0.20383075000000000        0.0000000000000000        0.0000000000000000     
   0.0000000000000000        1.4800000000000000        0.0000000000000000        929.76473545800002        1178.7335462043386        2204.3605706728690       0.20423003000000001        0.0000000000000000        0.0000000000000000     
   0.0000000000000000        1.4900000000000000        0.0000000000000000        942.33627592359994        1187.1992222729107        2225.5794198093640       0.20462474000000000        0.0000000000000000        0.0000000000000000     
   0.0000000000000000        1.5000000000000000        0.0000000000000000        954.98678158500002        1195.6610769423230        2246.8829224203291       0.20501495000000000        0.0000000000000000        0.0000000000000000     
   0.0000000000000000        1.5100000000000000        0.0000000000000000        967.71611122840011        1204.1190820450140        2268.2709886512434       0.20540077000000001        0.0000000000000000        0.0000000000000000     
   0.0000000000000000        1.5200000000000000        0.0000000000000000        980.52423420560001        1212.5733220836678        2289.7436548382616       0.20578225000000000        0.0000000000000000        0.0000000000000000     
   0.0000000000000000        1.5300000000000000        0.0000000000000000        993.41104104359999        1221.0237219447877        2311.3008291551332       0.20615950000000000        0.0000000000000000        0.0000000000000000     
   0.0000000000000000        1.5400000000000000        0.0000000000000000        1006.3764156600000        1229.4701971256891        2332.9424753595958       0.20653255000000001        0.0000000000000000        0.0000000000000000     
   0.0000000000000000        1.5500000000000000        0.0000000000000000        1019.4203098440000        1237.9128227398694        2354.6685855647329       0.20690152000000001        0.0000000000000000        0.0000000000000000     
   0.0000000000000000        1.5600000000000001        0.0000000000000000        1032.5426151300001        1246.3515987873284        2376.4790932950987       0.20726646000000001        0.0000000000000000        0.0000000000000000     
   0.0000000000000000        1.5700000000000001        0.0000000000000000        1045.7432950359000        1254.7865534356274        2398.3740042780983       0.20762744000000000        0.0000000000000000        0.0000000000000000     
   0.0000000000000000        1.5800000000000001        0.0000000000000000        1059.0221991154001        1263.2176397388309        2420.3531911024620       0.20798453000000000        0.0000000000000000        0.0000000000000000     
   0.0000000000000000        1.5900000000000001        0.0000000000000000        1072.3792795254001        1271.6448107510037        2442.4166875692626       0.20833778999999999        0.0000000000000000        0.0000000000000000     
   0.0000000000000000        1.6000000000000001        0.0000000000000000        1085.8145261600000        1280.0681697532034        2464.5644835381795       0.20868730999999999        0.0000000000000000        0.0000000000000000     
   0.0000000000000000        1.6100000000000001        0.0000000000000000        1099.3277053696002        1288.4875665184363        2486.7964479361599       0.20903310999999999        0.0000000000000000        0.0000000000000000     
   0.0000000000000000        1.6200000000000001        0.0000000000000000        1112.9188658202002        1296.9031606628837        2509.1125987904425       0.20937528999999999        0.0000000000000000        0.0000000000000000     
   0.0000000000000000        1.6300000000000001        0.0000000000000000        1126.5878428377002        1305.3148582946744        2531.5128477487774       0.20971387999999999        0.0000000000000000        0.0000000000000000     
   0.0000000000000000        1.6400000000000001        0.0000000000000000        1140.3346510536003        1313.7227157489308        2553.9972585637443       0.21004896000000001        0.0000000000000000        0.0000000000000000     
   0.0000000000000000        1.6500000000000001        0.0000000000000000        1154.1591043785004        1322.1265827986590        2576.5656489912217       0.21038058000000001        0.0000000000000000        0.0000000000000000     
   0.0000000000000000        1.6600000000000001        0.0000000000000000        1168.0612678256002        1330.5267505086601        2599.2181443768573       0.21070879000000001        0.0000000000000000        0.0000000000000000     
   0.0000000000000000        1.6700000000000002        0.0000000000000000        1182.0409440618002        1338.9229559816943        2621.9545598475565       0.21103364999999999        0.0000000000000000        0.0000000000000000     
   0.0000000000000000        1.6799999999999999        0.0000000000000000        1196.0981136384000        1347.3152461636973        2644.7749272326637       0.21135519999999999        0.0000000000000000        0.0000000000000000     
   0.0000000000000000        1.6899999999999999        0.0000000000000000        1210.2327225637998        1355.7037525032890        2667.6792318850476       0.21167351000000001        0.0000000000000000        0.0000000000000000     
   0.0000000000000000        1.7000000000000000        0.0000000000000000        1224.4446394199999        1364.0883341626625        2690.6673633878677       0.21198860999999999        0.0000000000000000        0.0000000000000000     
   0.0000000000000000        1.7100000000000000        0.0000000000000000        1238.7338897165998        1372.4691789255603        2713.7393696259769       0.21230056999999999        0.0000000000000000        0.0000000000000000     
   0.0000000000000000        1.7200000000000000        0.0000000000000000        1253.1002774395999        1380.8460802298655        2736.8951223430809       0.21260941999999999        0.0000000000000000        0.0000000000000000     
   0.0000000000000000        1.7300000000000000        0.0000000000000000        1267.5438844298001        1389.2191976917593        2760.1346693301412       0.21291520999999999        0.0000000000000000        0.0000000000000000     
   0.0000000000000000        1.7400000000000000        0.0000000000000000        1282.0644635454000        1397.5883716950607        2783.4578801713492       0.21321799000000000        0.0000000000000000        0.0000000000000000     
   0.0000000000000000        1.7500000000000000        0.0000000000000000        1296.6620746625001        1405.9537524667637        2806.8647532705418       0.21351781000000000        0.0000000000000000        0.0000000000000000     
   0.0000000000000000        1.7600000000000000        0.0000000000000000        1311.3366590896001        1414.3153869528035        2830.3553204570649       0.21381469000000000        0.0000000000000000        0.0000000000000000     
   0.0000000000000000        1.7700000000000000        0.0000000000000000        1326.0880691592001        1422.6731249261866        2853.9294318794905       0.21410868999999999        0.0000000000000000        0.0000000000000000     
   0.0000000000000000        1.7800000000000000        0.0000000000000000        1340.9162925686001        1431.0270227220358        2877.5871018093840       0.21439986000000000        0.0000000000000000        0.0000000000000000     
   0.0000000000000000        1.7900000000000000        0.0000000000000000        1355.8212696431999        1439.3771366754734        2901.3283452694450       0.21468820999999999        0.0000000000000000        0.0000000000000000     
   0.0000000000000000        1.8000000000000000        0.0000000000000000        1370.8029243599999        1447.7234855648737        2925.1530597297497       0.21497379999999999        0.0000000000000000        0.0000000000000000     
   0.0000000000000000        1.8100000000000001        0.0000000000000000        1385.8612111845000        1456.0660693902373        2949.0611917658234       0.21525667000000001        0.0000000000000000        0.0000000000000000     
   0.0000000000000000        1.8200000000000001        0.0000000000000000        1400.9960019146001        1464.4047848705050        2973.0527384670177       0.21553686000000000        0.0000000000000000        0.0000000000000000     
   0.0000000000000000        1.8300000000000001        0.0000000000000000        1416.2072869854001        1472.7397352867358        2997.1276457516151       0.21581438999999999        0.0000000000000000        0.0000000000000000     
   0.0000000000000000        1.8400000000000001        0.0000000000000000        1431.4950010240000        1481.0709488064908        3021.2858760628674       0.21608931000000001        0.0000000000000000        0.0000000000000000     
   0.0000000000000000        1.8500000000000001        0.0000000000000000        1446.8591032745001        1489.3983221487117        3045.5274262084508       0.21636163999999999        0.0000000000000000        0.0000000000000000     
   0.0000000000000000        1.8600000000000001        0.0000000000000000        1462.2994940820001        1497.7219867620183        3069.8522060521682       0.21663141999999999        0.0000000000000000        0.0000000000000000     
   0.0000000000000000        1.8700000000000001        0.0000000000000000        1477.8162001295000        1506.0419426464105        3094.2602644177937       0.21689870999999999        0.0000000000000000        0.0000000000000000     
   0.0000000000000000        1.8800000000000001        0.0000000000000000        1493.4090095848003        1514.3581334667656        3118.7514045079647       0.21716350000000001        0.0000000000000000        0.0000000000000000     
   0.0000000000000000        1.8900000000000001        0.0000000000000000        1509.0779967606004        1522.6705967798318        3143.3257451897903       0.21742585000000000        0.0000000000000000        0.0000000000000000     
   0.0000000000000000        1.9000000000000001        0.0000000000000000        1524.8230358100002        1530.9793044180483        3167.9831942614524       0.21768578999999999        0.0000000000000000        0.0000000000000000     
   0.0000000000000000        1.9100000000000001        0.0000000000000000        1540.6441100581005        1539.2842939381630        3192.7236759522116       0.21794335000000001        0.0000000000000000        0.0000000000000000     
   0.0000000000000000        1.9200000000000002        0.0000000000000000        1556.5411689216003        1547.5856686212348        3217.5472395553002       0.21819854000000000        0.0000000000000000        0.0000000000000000     
   0.0000000000000000        1.9299999999999999        0.0000000000000000        1572.5141011817000        1555.8833064078306        3242.4537365337765       0.21845142000000001        0.0000000000000000        0.0000000000000000     
   0.0000000000000000        1.9399999999999999        0.0000000000000000        1588.5629126291999        1564.1772448546994        3267.4432343020067       0.21870199000000001        0.0000000000000000        0.0000000000000000     
   0.0000000000000000        1.9500000000000000        0.0000000000000000        1604.6875311284998        1572.4675872428993        3292.5156739897857       0.21895029999999999        0.0000000000000000        0.0000000000000000     
   0.0000000000000000        1.9600000000000000        0.0000000000000000        1620.8878796767999        1580.7541457886878        3317.6709591701624       0.21919637000000000        0.0000000000000000        0.0000000000000000     
   0.0000000000000000        1.9700000000000000        0.0000000000000000        1637.1639582240998        1589.0371927784915        3342.9091213908050       0.21944022999999999        0.0000000000000000        0.0000000000000000     
   0.0000000000000000        1.9800000000000000        0.0000000000000000        1653.5156131296001        1597.3164653150711        3368.2300446013610       0.21968188000000000        0.0000000000000000        0.0000000000000000     
   0.0000000000000000        1.9900000000000000        0.0000000000000000        1669.9429376664000        1605.5922450740402        3393.6338350874289       0.21992138999999999        0.0000000000000000        0.0000000000000000     
   0.0000000000000000        2.0000000000000000        0.0000000000000000        1686.4457283400000        1613.8643254932820        3419.1202825312162       0.22015877000000000        0.0000000000000000        0.0000000000000000     
   0.0000000000000000        2.0099999999999998        0.0000000000000000        1703.0240751929998        1622.1328192430417        3444.6894748155150       0.22039402999999999        0.0000000000000000        0.0000000000000000     
   0.0000000000000000        2.0200000000000000        0.0000000000000000        1719.6778340080000        1630.3976887665715        3470.3413313811002       0.22062720999999999        0.0000000000000000        0.0000000000000000     
   0.0000000000000000        2.0299999999999998        0.0000000000000000        1736.4069502773000        1638.6589903989939        3496.0757896020928       0.22085832000000000        0.0000000000000000        0.0000000000000000     
   0.0000000000000000        2.0400000000000000        0.0000000000000000        1753.2113987939999        1646.9167241403086        3521.8928435633052       0.22108739999999999        0.0000000000000000        0.0000000000000000     
   0.0000000000000000        2.0499999999999998        0.0000000000000000        1770.0911487269998        1655.1708524337673        3547.7924299816164       0.22131447000000001        0.0000000000000000        0.0000000000000000     
   0.0000000000000000        2.0599999999999996        0.0000000000000000        1787.0461915131993        1663.4215255063639        3573.7746395565737       0.22153954000000001        0.0000000000000000        0.0000000000000000     
   0.0000000000000000        2.0699999999999998        0.0000000000000000        1804.0684426640998        1671.6647247860094        3599.8392931424873       0.22175600000000001        0.0000000000000000        0.0000000000000000     
   0.0000000000000000        2.0799999999999996        0.0000000000000000        1821.1472519967990        1679.8954927819007        3625.9862671776536       0.22195512999999994        0.0000000000000000        0.0000000000000000     
   0.0000000000000000        2.0899999999999999        0.0000000000000000        1838.2911098914999        1688.1179513471873        3652.2155539629416       0.22214415000000001        0.0000000000000000        0.0000000000000000     
   0.0000000000000000        2.0999999999999996        0.0000000000000000        1855.5023573939993        1696.3333680221290        3678.5269490018518       0.22232524999999997        0.0000000000000000        0.0000000000000000     
   0.0000000000000000        2.1099999999999999        0.0000000000000000        1872.7824417434001        1704.5424376065755        3704.9205217743729       0.22249962000000001        0.0000000000000000        0.0000000000000000     
   0.0000000000000000        2.1199999999999997        0.0000000000000000        1890.1320989759993        1712.7455638355711        3731.3961843977104       0.22266801999999999        0.0000000000000000        0.0000000000000000     
   0.0000000000000000        2.1299999999999999        0.0000000000000000        1907.5519111176000        1720.9431128874146        3757.9538278634045       0.22283103000000001        0.0000000000000000        0.0000000000000000     
   0.0000000000000000        2.1399999999999997        0.0000000000000000        1925.0422996885993        1729.1353852160935        3784.5934220321615       0.22298910000000000        0.0000000000000000        0.0000000000000000     
   0.0000000000000000        2.1499999999999999        0.0000000000000000        1942.6035651924999        1737.3224371567317        3811.3148762044366       0.22314255000000000        0.0000000000000000        0.0000000000000000     
   0.0000000000000000        2.1599999999999997        0.0000000000000000        1960.2360254303994        1745.5045691633156        3838.1181999571977       0.22329173999999999        0.0000000000000000        0.0000000000000000     
   0.0000000000000000        2.1699999999999999        0.0000000000000000        1977.9399277876000        1753.6819032952792        3865.0033221204098       0.22343689999999999        0.0000000000000000        0.0000000000000000     
   0.0000000000000000        2.1799999999999997        0.0000000000000000        1995.7154236387994        1761.8545052769311        3891.9701707728968       0.22357826000000000        0.0000000000000000        0.0000000000000000     
   0.0000000000000000        2.1899999999999999        0.0000000000000000        2013.5627211750000        1770.0225816703899        3919.0187554916311       0.22371603000000001        0.0000000000000000        0.0000000000000000     
   0.0000000000000000        2.1999999999999997        0.0000000000000000        2031.4819297299996        1778.1863014810217        3946.1490246360822       0.22385036999999999        0.0000000000000000        0.0000000000000000     
   0.0000000000000000        2.2100000000000000        0.0000000000000000        2049.4731237461001        1786.3455332602082        3973.3608431897410       0.22398145000000000        0.0000000000000000        0.0000000000000000     
   0.0000000000000000        2.2199999999999998        0.0000000000000000        2067.5364976961991        1794.5005305160007        4000.6542826982109       0.22410942000000000        0.0000000000000000        0.0000000000000000     
   0.0000000000000000        2.2300000000000000        0.0000000000000000        2085.6720911918001        1802.6513777510850        4028.0292490818397       0.22423440000000000        0.0000000000000000        0.0000000000000000     
   0.0000000000000000        2.2399999999999998        0.0000000000000000        2103.8799893887990        1810.7981125222079        4055.4856681660472       0.22435653000000000        0.0000000000000000        0.0000000000000000     
   0.0000000000000000        2.2500000000000000        0.0000000000000000        2122.1602071975003        1818.9407160509961        4083.0235072764635       0.22447592000000000        0.0000000000000000        0.0000000000000000     
   0.0000000000000000        2.2599999999999998        0.0000000000000000        2140.5129918917996        1827.0794887914369        4110.6428186169678       0.22459266000000000        0.0000000000000000        0.0000000000000000     
   0.0000000000000000        2.2700000000000000        0.0000000000000000        2158.9382261814999        1835.2142147922270        4138.3434853860736       0.22470686000000001        0.0000000000000000        0.0000000000000000     
   0.0000000000000000        2.2799999999999998        0.0000000000000000        2177.4359979851997        1843.3450724479219        4166.1254535020607       0.22481860000000001        0.0000000000000000        0.0000000000000000     
   0.0000000000000000        2.2900000000000000        0.0000000000000000        2196.0064237350998        1851.4722025963279        4193.9887545126003       0.22492798999999999        0.0000000000000000        0.0000000000000000     
   0.0000000000000000        2.2999999999999998        0.0000000000000000        2214.6495207309999        1859.5955770698838        4221.9333347115407       0.22503508000000000        0.0000000000000000        0.0000000000000000     
   0.0000000000000000        2.3100000000000001        0.0000000000000000        2233.3652392358999        1867.7151958685897        4249.9590532610764       0.22513996999999999        0.0000000000000000        0.0000000000000000     
   0.0000000000000000        2.3199999999999998        0.0000000000000000        2252.1537086479998        1875.8311904410655        4278.0659634917884       0.22524271000000001        0.0000000000000000        0.0000000000000000     
   0.0000000000000000        2.3299999999999996        0.0000000000000000        2271.0149329979990        1883.9435138413755        4306.2540327293063       0.22534338000000001        0.0000000000000000        0.0000000000000000     
   0.0000000000000000        2.3399999999999999        0.0000000000000000        2289.9489154073999        1892.0522693505777        4334.5232063285630       0.22544204000000001        0.0000000000000000        0.0000000000000000     
   0.0000000000000000        2.3499999999999996        0.0000000000000000        2308.9556796594993        1900.1575226929820        4362.8733851397374       0.22553875000000004        0.0000000000000000        0.0000000000000000     
   0.0000000000000000        2.3599999999999999        0.0000000000000000        2328.0353189195998        1908.2592738685898        4391.3046904711337       0.22563357000000001        0.0000000000000000        0.0000000000000000     
   0.0000000000000000        2.3699999999999997        0.0000000000000000        2347.1877860498994        1916.3576073800828        4419.8169792315339       0.22572655000000000        0.0000000000000000        0.0000000000000000     
   0.0000000000000000        2.3799999999999999        0.0000000000000000        2366.4131634093997        1924.4524668923405        4448.4102405294871       0.22581775000000001        0.0000000000000000        0.0000000000000000     
   0.0000000000000000        2.3899999999999997        0.0000000000000000        2385.7113412906997        1932.5439369080455        4477.0843740884693       0.22590721000000000        0.0000000000000000        0.0000000000000000     
   0.0000000000000000        2.3999999999999999        0.0000000000000000        2405.0825146079997        1940.6321113190704        4505.8394813117047       0.22599498000000001        0.0000000000000000        0.0000000000000000     
   0.0000000000000000        2.4099999999999997        0.0000000000000000        2424.5264578225992        1948.7169431794775        4534.6753038087609       0.22608111000000000        0.0000000000000000        0.0000000000000000     
   0.0000000000000000        2.4199999999999999        0.0000000000000000        2444.0432700552001        1956.7984418784570        4563.5921929230244       0.22616564000000000        0.0000000000000000        0.0000000000000000     
   0.0000000000000000        2.4299999999999997        0.0000000000000000        2463.6331496375992        1964.8767013078768        4592.5896393849816       0.22624860999999999        0.0000000000000000        0.0000000000000000     
   0.0000000000000000        2.4399999999999999        0.0000000000000000        2483.2960900235998        1972.9518341379849        4621.6679507844046       0.22633005000000000        0.0000000000000000        0.0000000000000000     
   0.0000000000000000        2.4499999999999997        0.0000000000000000        2503.0318450969989        1981.0236807525982        4650.8272103094887       0.22641001999999996        0.0000000000000000        0.0000000000000000     
   0.0000000000000000        2.4600000000000000        0.0000000000000000        2522.8404047015997        1989.0924946597715        4680.0669255912653       0.22648856000000001        0.0000000000000000        0.0000000000000000     
   0.0000000000000000        2.4699999999999998        0.0000000000000000        2542.7221236650998        1997.1580129622628        4709.3873388707598       0.22656567000000000        0.0000000000000000        0.0000000000000000     
   0.0000000000000000        2.4800000000000000        0.0000000000000000        2562.6767814624000        2005.2204140546294        4738.7885106143376       0.22664140999999999        0.0000000000000000        0.0000000000000000     
   0.0000000000000000        2.4899999999999998        0.0000000000000000        2582.7041450963993        2013.2798012179283        4768.2700352091142       0.22671580000000000        0.0000000000000000        0.0000000000000000     
   0.0000000000000000        2.5000000000000000        0.0000000000000000        2602.8047102250002        2021.3361462845990        4797.8323930059041       0.22678888999999999        0.0000000000000000        0.0000000000000000     
   0.0000000000000000        2.5099999999999998        0.0000000000000000        2622.9781817277994        2029.3894774222026        4827.4753420453553       0.22686069000000000        0.0000000000000000        0.0000000000000000     
   0.0000000000000000        2.5200000000000000        0.0000000000000000        2643.2246400839999        2037.4397289064293        4857.1985660057526       0.22693124000000001        0.0000000000000000        0.0000000000000000     
   0.0000000000000000        2.5299999999999998        0.0000000000000000        2663.5440139318998        2045.4869664615887        4887.0023616793005       0.22700055999999999        0.0000000000000000        0.0000000000000000     
   0.0000000000000000        2.5400000000000000        0.0000000000000000        2683.9363348090001        2053.5312933687392        4916.8866018425151       0.22706868999999999        0.0000000000000000        0.0000000000000000     
   0.0000000000000000        2.5499999999999998        0.0000000000000000        2704.4017285994996        2061.5727284062550        4946.8513253666306       0.22713564999999999        0.0000000000000000        0.0000000000000000     
   0.0000000000000000        2.5600000000000001        0.0000000000000000        2724.9400072704002        2069.6111589038915        4976.8963559227104       0.22720145999999999        0.0000000000000000        0.0000000000000000     
   0.0000000000000000        2.5699999999999998        0.0000000000000000        2745.5512519083995        2077.6467914237646        5007.0219251420049       0.22726614000000001        0.0000000000000000        0.0000000000000000     
   0.0000000000000000        2.5799999999999996        0.0000000000000000        2766.2354564609991        2085.6794194037566        5037.2278085290445       0.22732974000000000        0.0000000000000000        0.0000000000000000     
   0.0000000000000000        2.5899999999999999        0.0000000000000000        2786.9925026446999        2093.7092587951743        5067.5138758558114       0.22739224000000000        0.0000000000000000        0.0000000000000000     
   0.0000000000000000        2.5999999999999996        0.0000000000000000        2807.8227472879989        2101.7363095980140        5097.8803615703009       0.22745370000000001        0.0000000000000000        0.0000000000000000     
   0.0000000000000000        2.6099999999999999        0.0000000000000000        2828.7256338324000        2109.7604873095947        5128.3269896304173       0.22751411999999999        0.0000000000000000        0.0000000000000000     
   0.0000000000000000        2.6199999999999997        0.0000000000000000        2849.7016071991989        2117.7818294866629        5158.8539476321139       0.22757353999999999        0.0000000000000000        0.0000000000000000     
   0.0000000000000000        2.6299999999999999        0.0000000000000000        2870.7505145216996        2125.8004769670274        5189.4609079866577       0.22763195999999999        0.0000000000000000        0.0000000000000000     
   0.0000000000000000        2.6399999999999997        0.0000000000000000        2891.8723842623995        2133.8163452480017        5220.1483317970233       0.22768940999999998        0.0000000000000000        0.0000000000000000     
   0.0000000000000000        2.6499999999999999        0.0000000000000000        2913.0670133090002        2141.8295188322722        5250.9157421863993       0.22774591000000000        0.0000000000000000        0.0000000000000000     
   0.0000000000000000        2.6599999999999997        0.0000000000000000        2934.3348481761991        2149.8399413847137        5281.7632049729855       0.22780146999999998        0.0000000000000000        0.0000000000000000     
   0.0000000000000000        2.6699999999999999        0.0000000000000000        2955.6753323549997        2157.8475847377676        5312.6908376155161       0.22785611000000000        0.0000000000000000        0.0000000000000000     
   0.0000000000000000        2.6799999999999997        0.0000000000000000        2977.0886082707993        2165.8526554535483        5343.6984830328875       0.22790983999999997        0.0000000000000000        0.0000000000000000     
   0.0000000000000000        2.6899999999999999        0.0000000000000000        2998.5749636559999        2173.8549751375017        5374.7862095783830       0.22796269999999999        0.0000000000000000        0.0000000000000000     
   0.0000000000000000        2.6999999999999997        0.0000000000000000        3020.1342867179992        2181.8547409625567        5405.9539603535268       0.22801468999999999        0.0000000000000000        0.0000000000000000     
   0.0000000000000000        2.7100000000000000        0.0000000000000000        3041.7662113020001        2189.8517557557852        5437.2016526395864       0.22806582000000000        0.0000000000000000        0.0000000000000000     
   0.0000000000000000        2.7199999999999998        0.0000000000000000        3063.4712497199994        2197.8462260793017        5468.5293051210365       0.22811611999999998        0.0000000000000000        0.0000000000000000     
   0.0000000000000000        2.7300000000000000        0.0000000000000000        3085.2491352500997        2205.8381049871718        5499.9370397634220       0.22816559000000000        0.0000000000000000        0.0000000000000000     
   0.0000000000000000        2.7399999999999998        0.0000000000000000        3107.0998000079985        2213.8273830902090        5531.4245177109788       0.22821426000000000        0.0000000000000000        0.0000000000000000     
   0.0000000000000000        2.7500000000000000        0.0000000000000000        3129.0231594600004        2221.8140791667865        5562.9918087253682       0.22826213000000001        0.0000000000000000        0.0000000000000000     
   0.0000000000000000        2.7599999999999998        0.0000000000000000        3151.0196282735997        2229.7982213844657        5594.6392691262399       0.22830922000000001        0.0000000000000000        0.0000000000000000     
   0.0000000000000000        2.7700000000000000        0.0000000000000000        3173.0885745977002        2237.7798097432469        5626.3662985689707       0.22835554999999999        0.0000000000000000        0.0000000000000000     
   0.0000000000000000        2.7799999999999998        0.0000000000000000        3195.2307140359994        2245.7589287458145        5658.1730976065955       0.22840112000000001        0.0000000000000000        0.0000000000000000     
   0.0000000000000000        2.7900000000000000        0.0000000000000000        3217.4453379528004        2253.7354938894841        5690.0598177805969       0.22844595000000001        0.0000000000000000        0.0000000000000000     
   0.0000000000000000        2.7999999999999998        0.0000000000000000        3239.7330634479995        2261.7095896769397        5722.0262189155665       0.22849005999999999        0.0000000000000000        0.0000000000000000     
   0.0000000000000000        2.8100000000000001        0.0000000000000000        3262.0932443236002        2269.6811316054973        5754.0723216677170       0.22853344000000000        0.0000000000000000        0.0000000000000000     
   0.0000000000000000        2.8199999999999998        0.0000000000000000        3284.5263820115997        2277.6502699021507        5786.1981209668866       0.22857611999999999        0.0000000000000000        0.0000000000000000     
   0.0000000000000000        2.8299999999999996        0.0000000000000000        3307.0321622449983        2285.6169294534029        5818.4036918326792       0.22861809999999999        0.0000000000000000        0.0000000000000000     
   0.0000000000000000        2.8399999999999999        0.0000000000000000        3329.6106701719996        2293.5811759835651        5850.6888174687692       0.22865940000000001        0.0000000000000000        0.0000000000000000     
   0.0000000000000000        2.8499999999999996        0.0000000000000000        3352.2619837499992        2301.5429719358863        5883.0537333559623       0.22870003000000003        0.0000000000000000        0.0000000000000000     
   0.0000000000000000        2.8599999999999999        0.0000000000000000        3374.9861315455996        2309.5023642563046        5915.4980611100254       0.22874000000000000        0.0000000000000000        0.0000000000000000     
   0.0000000000000000        2.8699999999999997        0.0000000000000000        3397.7826790781996        2317.4593153880701        5948.0221719794108       0.22877931000000004        0.0000000000000000        0.0000000000000000     
   0.0000000000000000        2.8799999999999999        0.0000000000000000        3420.6523835616003        2325.4139380014285        5980.6256857020435       0.22881798000000000        0.0000000000000000        0.0000000000000000     
   0.0000000000000000        2.8899999999999997        0.0000000000000000        3443.5943369709994        2333.3661569828832        6013.3087869632309       0.22885601999999999        0.0000000000000000        0.0000000000000000     
   0.0000000000000000        2.8999999999999999        0.0000000000000000        3466.6091208629996        2341.3159723324329        6046.0713367091157       0.22889344000000000        0.0000000000000000        0.0000000000000000     
   0.0000000000000000        2.9099999999999997        0.0000000000000000        3489.6966776438985        2349.2634309960149        6078.9134129638396       0.22893025000000000        0.0000000000000000        0.0000000000000000     
   0.0000000000000000        2.9199999999999999        0.0000000000000000        3512.8569018352000        2357.2086738114358        6111.8349307552626       0.22896643999999999        0.0000000000000000        0.0000000000000000     
   0.0000000000000000        2.9299999999999997        0.0000000000000000        3536.0896933458994        2365.1514378814550        6144.8360244426513       0.22900205000000001        0.0000000000000000        0.0000000000000000     
   0.0000000000000000        2.9399999999999999        0.0000000000000000        3559.3948525631999        2373.0920048816874        6177.9163061586823       0.22903707000000001        0.0000000000000000        0.0000000000000000     
   0.0000000000000000        2.9499999999999997        0.0000000000000000        3582.7729241439988        2381.0302058067641        6211.0762971910272       0.22907151000000001        0.0000000000000000        0.0000000000000000     
   0.0000000000000000        2.9600000000000000        0.0000000000000000        3606.2235184408000        2388.9660782134342        6244.3153312829700       0.22910538000000000        0.0000000000000000        0.0000000000000000     
   0.0000000000000000        2.9699999999999998        0.0000000000000000        3629.7468133739994        2396.8996972151931        6277.6339047469373       0.22913868000000004        0.0000000000000000        0.0000000000000000     
   0.0000000000000000        2.9800000000000000        0.0000000000000000        3653.3425219911996        2404.8310440336695        6311.0316816378181       0.22917144000000000        0.0000000000000000        0.0000000000000000     
   0.0000000000000000        2.9899999999999998        0.0000000000000000        3677.0108765805990        2412.7601280580475        6344.5089114263119       0.22920366000000000        0.0000000000000000        0.0000000000000000     
   0.0000000000000000        3.0000000000000000        0.0000000000000000        3700.7517607199998        2420.6869305099544        6378.0653121551295       0.22923531999999999        0.0000000000000000        0.0000000000000000     
   0.0000000000000000        3.0099999999999998        0.0000000000000000        3724.5651067141998        2428.6115452812614        6411.7010506701263       0.22926645999999998        0.0000000000000000        0.0000000000000000     
