# DNS(CMF) hadronic with electrons, in beta-equilibrium, EOS from CompOSE: https://compose.obspm.fr/eos/115
#
# n0   = 0.15       fm^-3   
# E0   = -16.0      MeV
# K0   = 300.0      MeV
# Esym = 30.0       MeV
# Lsym = 88.0       MeV
# Ksym = 0.0        MeV
# mN   = 939.565421 MeV
# mP   = 938.272088 MeV
#
#             T [MeV]                     nB [fm^-3]                   YQ         pressure P [MeV fm^-3]       muB - mN [MeV]     energy density [MeV fm^-3]   proton fraction Yp       electron fraction Ye       muon fraction Ymu
#
   0.0000000000000000        1.0000000000000000E-002   4.7285602473505061E-003   7.5976195358080680E-003   2.6798644300023735        9.4089013651279476        4.7285606455981606E-003   4.7285602473505070E-003   0.0000000000000000     
   0.0000000000000000        2.0000000000000000E-002   6.0011733126692796E-003   1.6848838558668307E-002   2.9367327507744321        18.821527768009403        6.0011736979223625E-003   6.0011733126692796E-003   0.0000000000000000     
   0.0000000000000000        2.9999999999999999E-002   7.1448728783211918E-003   2.7288102256366843E-002   3.1796641270079258        28.237466954354950        7.1448732268449139E-003   7.1448728783211918E-003   0.0000000000000000     
   0.0000000000000000        4.0000000000000001E-002   8.5902849189996213E-003   3.7991084592606576E-002   3.4094603925743470        37.657151241687131        8.5902851987082075E-003   8.5902849189996213E-003   0.0000000000000000     
   0.0000000000000000        5.0000000000000003E-002   9.6338220147242238E-003   6.5253289007406734E-002   4.0241415044046294        47.083057844537052        9.6338222359998015E-003   9.6338220147242238E-003   0.0000000000000000     
   0.0000000000000000        6.0000000000000005E-002   1.0238081999845623E-002  0.14626524737995816        5.5130523489527752        56.518791569082452        1.0238082185941697E-002   1.0238081999845623E-002   0.0000000000000000     
   0.0000000000000000        6.9999999999999993E-002   1.1035306602518105E-002  0.27815321631556933        7.5714184602323620        65.972277048448689        1.1035306742307731E-002   1.1035306602518105E-002   0.0000000000000000     
   0.0000000000000000        8.0000000000000002E-002   1.2199849923456204E-002  0.46929435128760000        10.150830842740854        75.448334077659553        1.2199849998954468E-002   1.2199849923456206E-002   0.0000000000000000     
   0.0000000000000000        8.9999999999999997E-002   2.2472712101862601E-002  0.69137006929986367        12.568401179817629        84.948874354838253        2.2472712277284864E-002   2.2472712101862601E-002   0.0000000000000000     
   0.0000000000000000        9.9999999999999992E-002   2.5374240581778840E-002   1.0102240232634587        15.942342217210772        94.481527194048724        2.5374241111996845E-002   2.5374240581778840E-002   0.0000000000000000     
   0.0000000000000000       0.11000000000000000        2.7748582597705320E-002   1.4129275766886606        19.820805104623535        104.04974445655799        2.7748583416850544E-002   2.7748582597705317E-002   0.0000000000000000     
   0.0000000000000000       0.12000000000000000        3.1257537157333863E-002   1.8965889277116303        24.036239024403500        113.65804627095331        3.1257538220666625E-002   3.1257537157333863E-002   0.0000000000000000     
   0.0000000000000000       0.13000000000000000        3.5221987857181884E-002   2.4687959264197827        28.610594483365887        123.31005743055350        3.5221988941212569E-002   3.5221987857181884E-002   0.0000000000000000     
   0.0000000000000000       0.14000000000000001        3.9291918220427768E-002   3.1371468730511620        33.559683524495846        133.00982048864390        3.9291919226890376E-002   3.9291918220427768E-002   0.0000000000000000     
   0.0000000000000000       0.15000000000000002        4.3463814295502869E-002   3.9059169406336651        38.859734885534124        142.76087400678949        4.3463815286425414E-002   4.3463814295502869E-002   0.0000000000000000     
   0.0000000000000000       0.16000000000000000        4.7700998349962900E-002   4.7791090146201629        44.491265388873629        152.56648097553679        4.7700999361460571E-002   4.7700998349962900E-002   0.0000000000000000     
   0.0000000000000000       0.17000000000000001        5.1994701355955741E-002   5.7604134122768693        50.437022205950619        162.43007155644256        5.1994702332046429E-002   5.1994701355955741E-002   0.0000000000000000     
   0.0000000000000000       0.18000000000000002        5.6320745268307881E-002   6.8527187176349553        56.677248935551816        172.35455452722820        5.6320746167225842E-002   5.6320745268307881E-002   0.0000000000000000     
   0.0000000000000000       0.19000000000000000        6.0665195435997799E-002   8.0585821837084612        63.194084853655561        182.34285202355900        6.0665196477997479E-002   6.0665195435997799E-002   0.0000000000000000     
   0.0000000000000000       0.20000000000000001        6.5011656299084675E-002   9.3800684784225137        69.969840582676298        192.39764542261503        6.5011657800584405E-002   6.5011656299084675E-002   0.0000000000000000     
   0.0000000000000000       0.21000000000000002        6.9345899054495896E-002   10.818839046777310        76.987510119664279        202.52146488708860        6.9345901013255384E-002   6.9345899054495896E-002   0.0000000000000000     
   0.0000000000000000       0.22000000000000000        7.3656005765031507E-002   12.375948093636417        84.228840819487942        212.71651790773089        7.3656007852834632E-002   7.3656005765031507E-002   0.0000000000000000     
   0.0000000000000000       0.23000000000000001        7.7929946922372109E-002   14.052461981586001        91.679414531953441        222.98510455835472        7.7929948921477435E-002   7.7929946922372109E-002   0.0000000000000000     
   0.0000000000000000       0.24000000000000002        8.2158778831180862E-002   15.848797983370741        99.322672987698937        233.32913744063478        8.2158780871401105E-002   8.2158778831180862E-002   0.0000000000000000     
   0.0000000000000000       0.25000000000000000        8.6333426049034240E-002   17.765284239803023        107.14442645932874        243.75049810437002        8.6333428244569549E-002   8.6333426049034240E-002   0.0000000000000000     
   0.0000000000000000       0.26000000000000001        9.0447154704640792E-002   19.801966580671355        115.13092954636674        254.25093987798462        9.0447156649699670E-002   9.0447154704640792E-002   0.0000000000000000     
   0.0000000000000000       0.27000000000000002        9.4493830337966378E-002   21.958599785942845        123.26863019712063        264.83198180061362        9.4493831467821907E-002   9.4493830337966364E-002   0.0000000000000000     
   0.0000000000000000       0.28000000000000003        9.8468498751714539E-002   24.234857456069044        131.54555809573068        275.49513718313136        9.8468498968454374E-002   9.8468498751714539E-002   0.0000000000000000     
   0.0000000000000000       0.29000000000000004       0.10236747536171165        26.630156185875332        139.94977340167779        286.24170410160059       0.10236747517662996       0.10236747536171166        0.0000000000000000     
   0.0000000000000000       0.29999999999999999       0.10618752445546666        29.143809458361652        148.47028430582992        297.07288774354345       0.10618752433259146       0.10618752445546667        0.0000000000000000     
   0.0000000000000000       0.31000000000000000       0.10992660967515597        31.775019881381407        157.09690191748595        307.98981872135863       0.10992660967392746       0.10992660967515597        0.0000000000000000     
   0.0000000000000000       0.32000000000000001       0.11358315308581594        34.522884136412870        165.82001653338818        318.99350882341309       0.11358315311572954       0.11358315308581593        0.0000000000000000     
   0.0000000000000000       0.33000000000000002       0.11715623576761879        37.386424014900349        174.63069302969706        330.08488071110696       0.11715623577526896       0.11715623576761879        0.0000000000000000     
   0.0000000000000000       0.34000000000000002       0.12064559417292861        40.364569215155932        183.52049630972363        341.26476248868477       0.12064559417292861       0.12064559417292861        0.0000000000000000     
   0.0000000000000000       0.35000000000000003       0.12405130332114253        43.456222343173799        192.48165855929858        352.53390940306377       0.12405130332114253       0.12405130332114253        0.0000000000000000     
   0.0000000000000000       0.36000000000000004       0.12737385557403971        46.660224933121121        201.50687262996149        363.89298353041409       0.12737385557403971       0.12737385557403971        0.0000000000000000     
   0.0000000000000000       0.37000000000000000       0.13061415094277376        49.975398025885490        210.58938418496359        375.34260018434082       0.13061415094277376       0.13061415094277376        0.0000000000000000     
   0.0000000000000000       0.38000000000000000       0.13377329958258963        53.400528833671821        219.72293069914042        386.88329689388985       0.13377329958258963       0.13377329958258963        0.0000000000000000     
   0.0000000000000000       0.39000000000000001       0.13685261367226564        56.934403469938019        228.90172842724402        398.51556609388444       0.13685261367226564       0.13685261367226564        0.0000000000000000     
   0.0000000000000000       0.40000000000000002       0.13985367534584792        60.575791382537858        238.12039109641370        410.23984757982953       0.13985367534584792       0.13985367534584792        0.0000000000000000     
   0.0000000000000000       0.41000000000000003       0.14277820096776847        64.323449728541206        247.37377242844300        422.05647156466307       0.14277820096776847       0.14277820096776847        0.0000000000000000     
   0.0000000000000000       0.42000000000000004       0.14562363399614450        68.174917409700996        256.65454238700062        433.96579129740962       0.14562363399614450       0.14562363399614450        0.0000000000000000     
   0.0000000000000000       0.42999999999999999       0.14839776384007411        72.130756313029394        265.96225025937440        445.96809189092841       0.14839854683117520       0.14839776384007411        0.0000000000000000     
   0.0000000000000000       0.44000000000000000       0.15072799128691072        76.082842140092353        275.04886362143770        458.06290390106625       0.15072799128691072       0.15072799128691072        0.0000000000000000     
   0.0000000000000000       0.45000000000000001       0.15237742149947597        79.959206024577412        283.76057249461468        470.24630019025972       0.15240593061463109       0.15237742149947597        0.0000000000000000     
   0.0000000000000000       0.46000000000000002       0.15378671625865178        83.874136306698986        292.36509461733465        482.51611539891587       0.15381546967114229       0.15378671625865178        0.0000000000000000     
   0.0000000000000000       0.47000000000000003       0.15513195575201186        87.860779443778526        300.93711856981389        494.87190528015378       0.15496879275848097       0.15513195575201186        0.0000000000000000     
   0.0000000000000000       0.48000000000000004       0.15619200236035474        91.899829205784599        309.44038566499171        507.31313352059118       0.15617759650773233       0.15619200236035474        0.0000000000000000     
   0.0000000000000000       0.48999999999999999       0.15697970398372785        95.995098706343583        317.88583415618911        519.83885646960118       0.15748313568697536       0.15697970398372785        0.0000000000000000     
   0.0000000000000000       0.50000000000000000       0.15753973369253807        100.15248628816397        326.28575163534254        532.44907923268988       0.15887617397592865       0.15753973369253807        0.0000000000000000     
   0.0000000000000000       0.51000000000000001       0.15738489003585135        104.31682850785212        334.53121876919732        545.14238168014344       0.16089680525087116       0.15738489003585135        0.0000000000000000     
   0.0000000000000000       0.52000000000000002       0.15706134812435077        108.54962098982573        342.74926123601949        557.91796785745646       0.16299801195225888       0.15706134812435077        0.0000000000000000     
   0.0000000000000000       0.53000000000000003       0.15674475787780931        112.87075599861930        350.98003566746979        570.77580015281183       0.16500636356987677       0.15674475787780931        0.0000000000000000     
   0.0000000000000000       0.54000000000000004       0.15640083604201693        117.27615133340646        359.21466943064434        583.71596422331197       0.16696760585219517       0.15640083604201693        0.0000000000000000     
   0.0000000000000000       0.55000000000000004       0.15602737233569397        121.76536882095122        367.45188929310734        596.73848382926883       0.16889255732092173       0.15602737233569397        0.0000000000000000     
   0.0000000000000000       0.56000000000000005       0.15563627821773068        126.33958141708810        375.69372650338642        609.84339438118275       0.17077556773122393       0.15563627821773068        0.0000000000000000     
   0.0000000000000000       0.57000000000000006       0.15523877302347464        130.99990165376417        383.94208011234031        623.03075598417593       0.17261059030016090       0.15523877302347464        0.0000000000000000     
   0.0000000000000000       0.58000000000000007       0.15484050325737708        135.74678839015434        392.19753278929795        636.30063764793147       0.17439676455965128       0.15484050325737708        0.0000000000000000     
   0.0000000000000000       0.58999999999999997       0.15444542374813344        140.58049231682148        400.46027014495968        649.65310648309219       0.17613437414692110       0.15444542374813344        0.0000000000000000     
   0.0000000000000000       0.59999999999999998       0.15405644850128578        145.50114495921264        408.73026157311659        663.08824052305647       0.17782437778208490       0.15405644850128578        0.0000000000000000     
   0.0000000000000000       0.60999999999999999       0.15367573861435324        150.50878129050042        417.00733847542779        676.60610873862515       0.17946803389814894       0.15367573861435324        0.0000000000000000     
   0.0000000000000000       0.62000000000000000       0.15330492308140167        155.60336236430726        425.29120067568476        690.20678123890139       0.18106682264075610       0.15330492308140167        0.0000000000000000     
   0.0000000000000000       0.63000000000000000       0.15294524396089174        160.78481262767443        433.58151601283777        703.89032712995345       0.18262235566024487       0.15294524396089174        0.0000000000000000     
   0.0000000000000000       0.64000000000000001       0.15259763166327797        166.05299716517129        441.87786006808921        717.65680518357522       0.18413624786016219       0.15259763166327797        0.0000000000000000     
   0.0000000000000000       0.65000000000000002       0.15226277094393317        171.40776538631553        450.17981537899016        731.50627799433141       0.18561015711424381       0.15226277094393317        0.0000000000000000     
   0.0000000000000000       0.66000000000000003       0.15194117259774526        176.84894493699289        458.48694112630170        745.43879259308369       0.18704571057030142       0.15194117259774526        0.0000000000000000     
   0.0000000000000000       0.67000000000000004       0.15163319157002889        182.37631502849143        466.79878147898683        759.45440733286046       0.18844445002078955       0.15163319157002889        0.0000000000000000     
   0.0000000000000000       0.68000000000000005       0.15133909221953740        187.98967174166029        475.11485915351346        773.55315861833753       0.18980799610814297       0.15133909221953740        0.0000000000000000     
   0.0000000000000000       0.69000000000000006       0.15105902106594452        193.68876271865835        483.43471075528663        787.73509328469322       0.19113785090438490       0.15105902106594452        0.0000000000000000     
   0.0000000000000000       0.70000000000000007       0.15079305580493932        199.47336850984277        491.75787147696531        802.00024327881317       0.19243547381042173       0.15079305580493932        0.0000000000000000     
   0.0000000000000000       0.71000000000000008       0.15054121957880984        205.34321259539496        500.08389753447983        816.34863591891542       0.19370221829830978       0.15054121957880984        0.0000000000000000     
   0.0000000000000000       0.71999999999999997       0.15030347910554856        211.29806225491760        508.41234101523696        830.78030291801417       0.19493943790791771       0.15030347910554856        0.0000000000000000     
   0.0000000000000000       0.72999999999999998       0.15007976680637813        217.33762295224844        516.74277185509595        845.29525779949381       0.19614839936014655       0.15007976680637813        0.0000000000000000     
   0.0000000000000000       0.73999999999999999       0.14986998710355171        223.46164720352641        525.07476779015610        859.89352528958716       0.19733031777320528       0.14986998710355171        0.0000000000000000     
   0.0000000000000000       0.75000000000000000       0.14967399178888524        229.66984895715410        533.40792862817455        874.57512659205622       0.19848626472554545       0.14967399178888524        0.0000000000000000     
   0.0000000000000000       0.76000000000000001       0.14949164302395113        235.96194772243598        541.74183856903574        889.34006657845100       0.19961741771782804       0.14949164302395113        0.0000000000000000     
   0.0000000000000000       0.77000000000000002       0.14932277891772208        242.33767109105904        550.07611312178983        904.18834567824979       0.20072483025175875       0.14932277891772208        0.0000000000000000     
   0.0000000000000000       0.78000000000000003       0.14916721546958597        248.79674014566322        558.41040164727963        919.11996749108107       0.20180949735037659       0.14916721546958597        0.0000000000000000     
   0.0000000000000000       0.79000000000000004       0.14902476457342681        255.33887015501767        566.74431695474925        934.13493204571887       0.20287235390338035       0.14902476457342681        0.0000000000000000     
   0.0000000000000000       0.80000000000000004       0.14889523341908878        261.96377213229187        575.07752912676040        949.23322166620790       0.20391432979076879       0.14889523341908878        0.0000000000000000     
   0.0000000000000000       0.81000000000000005       0.14877840691691011        268.67116696101522        583.40970484378818        964.41484478979146       0.20493625602755333       0.14877840691691011        0.0000000000000000     
   0.0000000000000000       0.82000000000000006       0.14867408653331349        275.46076673021173        591.74050186035970        979.67978236044360       0.20593891848067233       0.14867408653331349        0.0000000000000000     
   0.0000000000000000       0.83000000000000007       0.14858205049817852        282.33228666258015        600.06962947382806        995.02802807585931       0.20692312519326286       0.14858205049817852        0.0000000000000000     
   0.0000000000000000       0.84000000000000008       0.14850210564861716        289.28545740388444        608.39677739257229        1010.4595413119358       0.20788963095055696       0.14850210564861716        0.0000000000000000     
   0.0000000000000000       0.84999999999999998       0.14843401147777829        296.31998487766595        616.72166151952717        1025.9743318463143       0.20883914439079976       0.14843401147777829        0.0000000000000000     
   0.0000000000000000       0.85999999999999999       0.14837757331703386        303.43559079088436        625.04400672838847        1041.5723422562608       0.20977231833474280       0.14837757331703386        0.0000000000000000     
   0.0000000000000000       0.87000000000000000       0.14833257325170995        310.63199626090881        633.36355963895210        1057.2535674763535       0.21068980265663576       0.14833257325170995        0.0000000000000000     
   0.0000000000000000       0.88000000000000000       0.14829879506414143        317.90892168578756        641.68003775572731        1073.0179747683837       0.21159219793604245       0.14829879506414143        0.0000000000000000     
   0.0000000000000000       0.89000000000000001       0.14827602918140659        325.26607503841484        649.99321785879522        1088.8655369544510       0.21248004249969615       0.14827602918140659        0.0000000000000000     
   0.0000000000000000       0.90000000000000002       0.14826408029385743        332.70319824552007        658.30285600910020        1104.7962077812597       0.21335393564691776       0.14826408029385743        0.0000000000000000     
   0.0000000000000000       0.91000000000000003       0.14826271924514611        340.22000464616639        666.60872139695766        1120.8099502924836       0.21421439256192673       0.14826271924514611        0.0000000000000000     
   0.0000000000000000       0.92000000000000004       0.14827176171122020        347.81622941003263        674.91061388255810        1136.9067435393226       0.21506191111639347       0.14827176171122020        0.0000000000000000     
   0.0000000000000000       0.93000000000000005       0.14829099635407747        355.49159852679611        683.20831275008345        1153.0865213067864       0.21589697883846695       0.14829099635407747        0.0000000000000000     
   0.0000000000000000       0.94000000000000006       0.14832023635849201        363.24583319695154        691.50161703745391        1169.3492701409648       0.21672002751784991       0.14832023635849201        0.0000000000000000     
   0.0000000000000000       0.95000000000000007       0.14835927805699847        371.07867309047765        699.79033944936646        1185.6949136305975       0.21753151755333833       0.14835927805699847        0.0000000000000000     
   0.0000000000000000       0.96000000000000008       0.14840793468054000        378.98984958117552        708.07428152243563        1202.1234285255271       0.21833184512902057       0.14840793468054000        0.0000000000000000     
   0.0000000000000000       0.96999999999999997       0.14846602040610382        386.97908298651294        716.35330464512231        1218.6347563649749       0.21912138290663460       0.14846602040610382        0.0000000000000000     
   0.0000000000000000       0.97999999999999998       0.14853335277761778        395.04612398922342        724.62718814451171        1235.2288474140423       0.21990053590211572       0.14853335277761778        0.0000000000000000     
   0.0000000000000000       0.98999999999999999       0.14860974838624816        403.19070802850314        732.89581386539271        1251.9056637840113       0.22066966881961933       0.14860974838624816        0.0000000000000000     
   0.0000000000000000        1.0000000000000000       0.14869501855009651        411.41257618334640        741.15900066384404        1268.6651284682848       0.22142911363515116       0.14869501855009651        0.0000000000000000     
   0.0000000000000000        1.0100000000000000       0.14878901206820597        419.71144631284955        749.41657257323902        1285.5071824185800       0.22217920917000608       0.14878901206820597        0.0000000000000000     
   0.0000000000000000        1.0200000000000000       0.14889153881973544        428.08710929698572        757.66846848699186        1302.4318112912067       0.22292024792456566       0.14889153881973544        0.0000000000000000     
   0.0000000000000000        1.0300000000000000       0.14900244851255540        436.53928175995298        765.91451280244200        1319.4389310580423       0.22365256947537659       0.14900244851255540        0.0000000000000000     
   0.0000000000000000        1.0400000000000000       0.14912156710166963        445.06771419537290        774.15454460542105        1336.5284611139166       0.22437640567393169       0.14912156710166963        0.0000000000000000     
   0.0000000000000000        1.0500000000000000       0.14924872602528319        453.67211562195968        782.38840250345709        1353.7003436339871       0.22509207711279711       0.14924872602528319        0.0000000000000000     
   0.0000000000000000        1.0600000000000001       0.14938378880710179        462.35230183714162        790.61607084111506        1370.9545642022883       0.22579982028683582       0.14938378880710179        0.0000000000000000     
   0.0000000000000000        1.0700000000000001       0.14952659230093548        471.10798647608925        798.83737991171017        1388.2910213784903       0.22649989795698375       0.14952659230093548        0.0000000000000000     
   0.0000000000000000        1.0800000000000001       0.14967705470313522        479.93887120221973        807.05218447990376        1405.7096928300341       0.22719241582416966       0.14967705470313522        0.0000000000000000     
   0.0000000000000000        1.0900000000000001       0.14983483890960275        488.84490062098320        815.26049579449193        1423.2104145739142       0.22787799508888909       0.14983483890960275        0.0000000000000000     
   0.0000000000000000        1.1000000000000001       0.14999998890759322        497.82564729819916        823.46211559104700        1440.7932487557550       0.22855645601836397       0.14999998890759322        0.0000000000000000     
   0.0000000000000000        1.1100000000000001       0.15017234440490049        506.88083316829943        831.65684607232004        1458.4580270597612       0.22922806465631676       0.15017234440490049        0.0000000000000000     
   0.0000000000000000        1.1200000000000001       0.15035168745681499        516.01038242911613        839.84478860300214        1476.2047343787283       0.22989318667741154       0.15035168745681499        0.0000000000000000     
   0.0000000000000000        1.1300000000000001       0.15053785572539061        525.21406431825926        848.02583650401937        1494.0332709963784       0.23055203670294083       0.15053785572539061        0.0000000000000000     
   0.0000000000000000        1.1400000000000001       0.15073175134647682        534.49005640054827        856.19859790191788        1511.9436703617737       0.23120309432996222       0.15073175134647682        0.0000000000000000     
   0.0000000000000000        1.1500000000000001       0.15093153504225845        543.84075354747938        864.36514128059184        1529.9356792090605       0.23184943881125838       0.15093153504225845        0.0000000000000000     
   0.0000000000000000        1.1600000000000001       0.15113748972264088        553.26533836356793        872.52495340124335        1548.0093175860661       0.23249043985167239       0.15113748972264088        0.0000000000000000     
   0.0000000000000000        1.1699999999999999       0.15134900743693208        562.76439135913529        880.67864257952351        1566.1645147429542       0.23312705454747426       0.15134900743693208        0.0000000000000000     
   0.0000000000000000        1.1799999999999999       0.15156771920087728        572.33480677090722        888.82370081073088        1584.4012224534652       0.23375666480500645       0.15156771920087728        0.0000000000000000     
   0.0000000000000000        1.1899999999999999       0.15179259091397732        581.97784528767943        896.96127528243494        1602.7193294625424       0.23438087165902755       0.15179259091397732        0.0000000000000000     
   0.0000000000000000        1.2000000000000000       0.15202349143818655        591.69331843549173        905.09138212349444        1621.1187827114263       0.23499987812685005       0.15202349143818655        0.0000000000000000     
   0.0000000000000000        1.2100000000000000       0.15226029617321593        601.48101857472227        913.21396599891489        1639.5995218178684       0.23561380452095784       0.15226029617321593        0.0000000000000000     
   0.0000000000000000        1.2200000000000000       0.15250289071716694        611.34067985099739        921.32889361633659        1658.1614066637744       0.23622279123969722       0.15250289071716694        0.0000000000000000     
   0.0000000000000000        1.2300000000000000       0.15275118775748253        621.27210347619007        929.43620311234747        1676.8044330279970       0.23682697445023776       0.15275118775748253        0.0000000000000000     
   0.0000000000000000        1.2400000000000000       0.15300506752935011        631.27509792213709        937.53578010811191        1695.5284802133988       0.23742646740031201       0.15300506752935011        0.0000000000000000     
   0.0000000000000000        1.2500000000000000       0.15326442266253951        641.34942110886357        945.62765167748637        1714.3335195843215       0.23802138976073911       0.15326442266253951        0.0000000000000000     
   0.0000000000000000        1.2600000000000000       0.15352915783979146        651.49481032852896        953.71167562779613        1733.2193813709159       0.23861186339886095       0.15352915783979146        0.0000000000000000     
   0.0000000000000000        1.2700000000000000       0.15379916800695217        661.71112556295941        961.78775930059396        1752.1860940213633       0.23919800112421227       0.15379916800695217        0.0000000000000000     
   0.0000000000000000        1.2800000000000000       0.15407437665348137        671.99808497386312        969.85590469846613        1771.2334915340014       0.23977989575405911       0.15407437665348137        0.0000000000000000     
   0.0000000000000000        1.2900000000000000       0.15435464713371658        682.35553856491413        977.91623066195029        1790.3615481354775       0.24035767239436173       0.15435464713371658        0.0000000000000000     
   0.0000000000000000        1.3000000000000000       0.15463992429345141        692.78324852252388        985.96856172842411        1809.5701638325636       0.24093140829049159       0.15463992429345141        0.0000000000000000     
   0.0000000000000000        1.3100000000000001       0.15493009631783047        703.28097464301641        994.01278055241789        1828.8592603866462       0.24150120669550368       0.15493009631783047        0.0000000000000000     
   0.0000000000000000        1.3200000000000001       0.15522508010555272        713.84856776546235        1002.0489965211705        1848.2287920053989       0.24206715477285912       0.15522508010555272        0.0000000000000000     
   0.0000000000000000        1.3300000000000001       0.15552479647499132        724.48572764225105        1010.0769939374746        1867.6785839982933       0.24262933368308540       0.15552479647499132        0.0000000000000000     
   0.0000000000000000        1.3400000000000001       0.15582914946531951        735.19234416023187        1018.0969887563750        1887.2086626607224       0.24318784842565849       0.15582914946531951        0.0000000000000000     
   0.0000000000000000        1.3500000000000001       0.15613804356321578        745.96814368174955        1026.1087354856884        1906.8188888591094       0.24374277625794746       0.15613804356321578        0.0000000000000000     
   0.0000000000000000        1.3600000000000001       0.15645141251766675        756.81295877172772        1034.1122778318975        1926.5091629838421       0.24429418921880869       0.15645141251766675        0.0000000000000000     
   0.0000000000000000        1.3700000000000001       0.15676917075033087        767.72658720646268        1042.1076094343382        1946.2794490710432       0.24484215584748958       0.15676917075033087        0.0000000000000000     
   0.0000000000000000        1.3800000000000001       0.15709124330919971        778.70881218983277        1050.0946592091391        1966.1296665924742       0.24538676391058009       0.15709124330919971        0.0000000000000000     
   0.0000000000000000        1.3900000000000001       0.15741755341489000        789.75946057957958        1058.0734527503726        1986.0597082838449       0.24592807062619063       0.15741755341489000        0.0000000000000000     
   0.0000000000000000        1.4000000000000001       0.15774800634917371        800.87827830865569        1066.0440103280680        2006.0694814852332       0.24646615794064552       0.15774800634917371        0.0000000000000000     
   0.0000000000000000        1.4100000000000001       0.15808254829749668        812.06511668034693        1074.0061344581432        2026.1589196969924       0.24700108996574208       0.15808254829749668        0.0000000000000000     
   0.0000000000000000        1.4199999999999999       0.15842109738166305        823.31975518722072        1081.9599646976346        2046.3279373052280       0.24753292064283938       0.15842109738166305        0.0000000000000000     
   0.0000000000000000        1.4299999999999999       0.15876358420622039        834.64206241411341        1089.9054608980914        2066.5765054113663       0.24806172513831345       0.15876358420622039        0.0000000000000000     
   0.0000000000000000        1.4399999999999999       0.15910994642102413        846.03173246961080        1097.8425160509519        2086.9044278503575       0.24858754973498901       0.15910994642102413        0.0000000000000000     
   0.0000000000000000        1.4500000000000000       0.15946009524163166        857.48860544784020        1105.7711250822522        2107.3116726113644       0.24911044429217055       0.15946009524163166        0.0000000000000000     
   0.0000000000000000        1.4600000000000000       0.15981397935651090        869.01255645810363        1113.6913446809992        2127.7981783059390       0.24963049988171404       0.15981397935651090        0.0000000000000000     
   0.0000000000000000        1.4700000000000000       0.16017151910840557        880.60331987964821        1121.6031595238599        2148.3638443937198       0.25014771846831413       0.16017151910840557        0.0000000000000000     
   0.0000000000000000        1.4800000000000000       0.16053266025212715        892.26074908502937        1129.5065514948033        2169.0085702925944       0.25066220232556413       0.16053266025212715        0.0000000000000000     
   0.0000000000000000        1.4900000000000000       0.16089733667012424        903.98462384770733        1137.4013133883143        2189.7322924854743       0.25117397793262558       0.16089733667012424        0.0000000000000000     
   0.0000000000000000        1.5000000000000000       0.16126549224737588        915.77482783035316        1145.2878787453017        2210.5349921382622       0.25168308560348124       0.16126549224737588        0.0000000000000000     
   0.0000000000000000        1.5100000000000000       0.16163705428954359        927.63106977831183        1153.1657072739704        2231.4164436428596       0.25218958824432552       0.16163705428954359        0.0000000000000000     
   0.0000000000000000        1.5200000000000000       0.16201195704898275        939.55322338447434        1161.0352073313838        2252.3766110641041       0.25269351454534406       0.16201195704898275        0.0000000000000000     
   0.0000000000000000        1.5300000000000000       0.16239015255639269        951.54110838200882        1168.8960988184331        2273.4154679522153       0.25319492457103371       0.16239015255639269        0.0000000000000000     
   0.0000000000000000        1.5400000000000000       0.16277159265730842        963.59452403796581        1176.7484732070373        2294.5328995440345       0.25369385484659523       0.16277159265730842        0.0000000000000000     
   0.0000000000000000        1.5500000000000000       0.16315620333695388        975.71330694252447        1184.5922935083972        2315.7288049888966       0.25419034221826953       0.16315620333695388        0.0000000000000000     
   0.0000000000000000        1.5600000000000001       0.16354392107476218        987.89721319440866        1192.4276243613081        2337.0030779604795       0.25468442695524796       0.16354392107476218        0.0000000000000000     
   0.0000000000000000        1.5700000000000001       0.16393471159595346        1000.1461725012008        1200.2544864682575        2358.3556949436525       0.25517614821844309       0.16393471159595346        0.0000000000000000     
   0.0000000000000000        1.5800000000000001       0.16432852044830365        1012.4598905894054        1208.0727068311717        2379.7865316714651       0.25566554929554858       0.16432852044830365        0.0000000000000000     
   0.0000000000000000        1.5900000000000001       0.16472527608479670        1024.8382599142492        1215.8824411405342        2401.2955066368622       0.25615266612691595       0.16472527608479670        0.0000000000000000     
   0.0000000000000000        1.6000000000000001       0.16512493526048361        1037.2811145296714        1223.6835839147354        2422.8825334341777       0.25663752264263312       0.16512493526048361        0.0000000000000000     
   0.0000000000000000        1.6100000000000001       0.16552745009740485        1049.7881938597716        1231.4760886594433        2444.5475031899609       0.25712016000142440       0.16552745009740485        0.0000000000000000     
   0.0000000000000000        1.6200000000000001       0.16593278364551628        1062.3593848769024        1239.2602132642098        2466.2903913334449       0.25760060561313247       0.16593278364551628        0.0000000000000000     
   0.0000000000000000        1.6300000000000001       0.16634085802068069        1074.9945286671043        1247.0356200520143        2488.1110803644660       0.25807889749610596       0.16634085802068069        0.0000000000000000     
   0.0000000000000000        1.6400000000000001       0.16675164739387635        1087.6933973792734        1254.8025398225586        2510.0094306139858       0.25855506598260053       0.16675164739387635        0.0000000000000000     
   0.0000000000000000        1.6500000000000001       0.16716508730592419        1100.4558300659780        1262.5608294377371        2531.9854226007305       0.25902913095591656       0.16716508730592419        0.0000000000000000     
   0.0000000000000000        1.6600000000000001       0.16758115078042571        1113.2817270626767        1270.3105749105482        2554.0390069797008       0.25950114178975014       0.16758115078042571        0.0000000000000000     
   0.0000000000000000        1.6700000000000002       0.16799977066012217        1126.1708189421852        1278.0518094787205        2576.1699867574898       0.25997111229014241       0.16799977066012217        0.0000000000000000     
   0.0000000000000000        1.6799999999999999       0.16842091375904672        1139.1230008431053        1285.7845332543202        2598.3783753271309       0.26043907397147603       0.16842091375904672        0.0000000000000000     
   0.0000000000000000        1.6899999999999999       0.16884453699872295        1152.1380858313198        1293.5085585446368        2620.6640283025395       0.26090503688631639       0.16884453699872295        0.0000000000000000     
   0.0000000000000000        1.7000000000000000       0.16927059669189082        1165.2158701971355        1301.2241448611330        2643.0269124580846       0.26136905233534014       0.16927059669189082        0.0000000000000000     
   0.0000000000000000        1.7100000000000000       0.16969904172925512        1178.3562701441597        1308.9311028582542        2665.4668922945539       0.26183113999513102       0.16969904172925512        0.0000000000000000     
   0.0000000000000000        1.7200000000000000       0.17012983654541364        1191.5590141097905        1316.6294986338792        2687.9838903678005       0.26229129743786461       0.17012983654541364        0.0000000000000000     
   0.0000000000000000        1.7300000000000000       0.17056293624149771        1204.8239531772626        1324.3192352133292        2710.5777989899561       0.26274957682848549       0.17056293624149771        0.0000000000000000     
   0.0000000000000000        1.7400000000000000       0.17099830135560040        1218.1510257094617        1332.0005656026876        2733.2485918398538       0.26320600284397860       0.17099830135560040        0.0000000000000000     
   0.0000000000000000        1.7500000000000000       0.17143590407876974        1231.5399924701373        1339.6734023766062        2755.9961728444869       0.26366058439553014       0.17143590407876974        0.0000000000000000     
   0.0000000000000000        1.7600000000000000       0.17187568251031263        1244.9906646743439        1347.3376249814694        2778.8204363817995       0.26411333811849641       0.17187568251031263        0.0000000000000000     
   0.0000000000000000        1.7700000000000000       0.17231760443668598        1258.5029121344417        1354.9932260355943        2801.7212497497126       0.26456430026292282       0.17231760443668598        0.0000000000000000     
   0.0000000000000000        1.7800000000000000       0.17276164676123776        1272.0765465426377        1362.6403843784628        2824.6986138974025       0.26501348279148945       0.17276164676123776        0.0000000000000000     
   0.0000000000000000        1.7900000000000000       0.17320774974238295        1285.7114691245877        1370.2790095168989        2847.7524085786367       0.26546089621992452       0.17320774974238295        0.0000000000000000     
   0.0000000000000000        1.8000000000000000       0.17365590098074954        1299.4074759304242        1377.9090513447750        2870.8825619036761       0.26590658389996041       0.17365590098074954        0.0000000000000000     
   0.0000000000000000        1.8100000000000001       0.17410603464795035        1313.1643859851129        1385.5306491616502        2894.0889098369953       0.26635053065339492       0.17410603464795035        0.0000000000000000     
   0.0000000000000000        1.8200000000000001       0.17455815193130153        1326.9820912747680        1393.1437471535701        2917.3714953237263       0.26679279368597519       0.17455815193130153        0.0000000000000000     
   0.0000000000000000        1.8300000000000001       0.17501218665962870        1340.8604508649867        1400.7483186148263        2940.7301906122666       0.26723337229937683       0.17501218665962870        0.0000000000000000     
   0.0000000000000000        1.8400000000000001       0.17546812415402024        1354.7992080409360        1408.3443907092567        2964.1648567127208       0.26767227666523746       0.17546812415402024        0.0000000000000000     
   0.0000000000000000        1.8500000000000001       0.17592590284539672        1368.7982338383583        1415.9318950691243        2987.6753808931803       0.26810951726752280       0.17592590284539672        0.0000000000000000     
   0.0000000000000000        1.8600000000000001       0.17638552481710254        1382.8574442872355        1423.5109860548434        3011.2617870372505       0.26854513475421060       0.17638552481710254        0.0000000000000000     
   0.0000000000000000        1.8700000000000001       0.17684693992179226        1396.9766949013526        1431.0816142014151        3034.9239936883305       0.26897914051509642       0.17684693992179226        0.0000000000000000     
   0.0000000000000000        1.8800000000000001       0.17731010717532808        1411.1556588203198        1438.6437510025469        3058.6617560026175       0.26941151607047686       0.17731010717532808        0.0000000000000000     
   0.0000000000000000        1.8900000000000001       0.17777500602194624        1425.3943962213000        1446.1974678163965        3082.4751532508244       0.26984232999522945       0.17777500602194624        0.0000000000000000     
   0.0000000000000000        1.9000000000000001       0.17824160986294144        1439.6926305551910        1453.7427093453782        3106.3640827221798       0.27027155478721376       0.17824160986294144        0.0000000000000000     
   0.0000000000000000        1.9100000000000001       0.17870988138597585        1454.0503016035384        1461.2795551539145        3130.3284324992710       0.27069921934517260       0.17870988138597585        0.0000000000000000     
   0.0000000000000000        1.9200000000000002       0.17917978484315869        1468.4670887726288        1468.8078908895809        3154.3680091959050       0.27112534459435900       0.17917978484315869        0.0000000000000000     
   0.0000000000000000        1.9299999999999999       0.17965129308645311        1482.9429917487812        1476.3278627216487        3178.4828425785140       0.27154993658333471       0.17965129308645311        0.0000000000000000     
   0.0000000000000000        1.9399999999999999       0.18012438783421331        1497.4778439256377        1483.8393728470703        3202.6729182788908       0.27197300803422547       0.18012438783421331        0.0000000000000000     
   0.0000000000000000        1.9500000000000000       0.18059902553702525        1512.0714499564751        1491.3425041889300        3226.9380266257795       0.27239457103369541       0.18059902553702525        0.0000000000000000     
   0.0000000000000000        1.9600000000000000       0.18107518909530310        1526.7236823437288        1498.8373458195390        3251.2781207387884       0.27281463944452095       0.18107518909530310        0.0000000000000000     
   0.0000000000000000        1.9700000000000000       0.18155283333226471        1541.4343797885026        1506.3237104772229        3275.6931109074544       0.27323323146523382       0.18155283333226471        0.0000000000000000     
   0.0000000000000000        1.9800000000000000       0.18203194915719986        1556.2034656351248        1513.8016488512214        3300.1829483963343       0.27365034774206431       0.18203194915719986        0.0000000000000000     
   0.0000000000000000        1.9900000000000000       0.18251250616532705        1571.0306911516006        1521.2713000523884        3324.7475053849726       0.27406601018796856       0.18251250616532705        0.0000000000000000     
   0.0000000000000000        2.0000000000000000       0.18299445955562385        1585.9159869167431        1528.7326194448447        3349.3867302603817       0.27448022903460773       0.18299445955562385        0.0000000000000000     
   0.0000000000000000        2.0099999999999998       0.18347780719422713        1600.8591122999044        1536.1855309286427        3374.1004999535594       0.27489299788759647       0.18347780719422713        0.0000000000000000     
   0.0000000000000000        2.0200000000000000       0.18396250465759750        1615.8600128633873        1543.6302293797144        3398.8887646297881       0.27530435664614417       0.18396250465759750        0.0000000000000000     
   0.0000000000000000        2.0299999999999998       0.18444854280337261        1630.9185344669017        1551.0665709930959        3423.7514498944661       0.27571429328739488       0.18444854280337261        0.0000000000000000     
   0.0000000000000000        2.0400000000000000       0.18493588038583020        1646.0345091146669        1558.4944770244990        3448.6884540996111       0.27612283273169858       0.18493588038583020        0.0000000000000000     
   0.0000000000000000        2.0499999999999998       0.18542449568102498        1661.2077954541403        1565.9142154514257        3473.6996687189721       0.27652996154646359       0.18542449568102498        0.0000000000000000     
   0.0000000000000000        2.0599999999999996       0.18591438342805403        1676.4382868396581        1573.3256175844369        3498.7850777324261       0.27693572530562022       0.18591438342805403        0.0000000000000000     
   0.0000000000000000        2.0699999999999998       0.18640548485706218        1691.7258037915396        1580.7288129053179        3523.9445412960663       0.27734009861318171       0.18640548485706218        0.0000000000000000     
   0.0000000000000000        2.0799999999999996       0.18689781154494386        1707.0702290626621        1588.1237642885665        3549.1780221846138       0.27774312320450451       0.18689781154494384        0.0000000000000000     
   0.0000000000000000        2.0899999999999999       0.18739131632339701        1722.4713421634833        1595.5103603493237        3574.4853444595860       0.27814477180571889       0.18739131632339701        0.0000000000000000     
   0.0000000000000000        2.0999999999999996       0.18788597907718782        1737.9291854903072        1602.8888016185729        3599.8665687040711       0.27854510019065526       0.18788597907718785        0.0000000000000000     
   0.0000000000000000        2.1099999999999999       0.18838179047471246        1753.4434177953494        1610.2590120627469        3625.3215139559047       0.27894406588511750       0.18838179047471246        0.0000000000000000     
   0.0000000000000000        2.1199999999999997       0.18887871565636141        1769.0140080937479        1617.6209228711073        3650.8500852143766       0.27934171455310730       0.18887871565636144        0.0000000000000000     
   0.0000000000000000        2.1299999999999999       0.18937672938733255        1784.6407737924092        1624.9747760573882        3676.4522247714358       0.27973803620947923       0.18937672938733255        0.0000000000000000     
   0.0000000000000000        2.1399999999999997       0.18987583026936633        1800.3236830857429        1632.3204348900736        3702.1279532015933       0.28013304721028726       0.18987583026936633        0.0000000000000000     
   0.0000000000000000        2.1499999999999999       0.19037597686473767        1816.0624747955126        1639.6578171192095        3727.8770402421237       0.28052676181914710       0.19037597686473767        0.0000000000000000     
   0.0000000000000000        2.1599999999999997       0.19087714821700452        1831.8570740595480        1646.9871018487149        3753.6994622551065       0.28091916943719247       0.19087714821700452        0.0000000000000000     
   0.0000000000000000        2.1699999999999999       0.19137932889451395        1847.7072536134287        1654.3081941268297        3779.5950532839784       0.28131029486449166       0.19137932889451395        0.0000000000000000     
   0.0000000000000000        2.1799999999999997       0.19188250981148905        1863.6130776009061        1661.6212603155234        3805.5639724809153       0.28170013230570667       0.19188250981148905        0.0000000000000000     
   0.0000000000000000        2.1899999999999999       0.19238664274071121        1879.5741986698088        1668.9260325460505        3831.6058529365614       0.28208868976819929       0.19238664274071121        0.0000000000000000     
   0.0000000000000000        2.1999999999999997       0.19289173267568280        1895.5906298487882        1676.2228107975884        3857.7208105937912       0.28247599076236929       0.19289173267568280        0.0000000000000000     
   0.0000000000000000        2.2100000000000000       0.19339775344159124        1911.6621774077607        1683.5115210121708        3883.9087132531558       0.28286203326307474       0.19339775344159124        0.0000000000000000     
   0.0000000000000000        2.2199999999999998       0.19390467634132633        1927.7886703914362        1690.7921061199152        3910.1693811282307       0.28324681427342591       0.19390467634132633        0.0000000000000000     
   0.0000000000000000        2.2300000000000000       0.19441249241158953        1943.9700661867846        1698.0646732457596        3936.5028690956483       0.28363035399945563       0.19441249241158953        0.0000000000000000     
   0.0000000000000000        2.2399999999999998       0.19492117376441923        1960.2061840523995        1705.3291792749687        3962.9090163619635       0.28401265069337267       0.19492117376441923        0.0000000000000000     
   0.0000000000000000        2.2500000000000000       0.19543071418001773        1976.4969189602689        1712.5856494318693        3989.3877836030374       0.28439372733465063       0.19543071418001773        0.0000000000000000     
   0.0000000000000000        2.2599999999999998       0.19594109037290913        1992.8421052504655        1719.8340505058293        4015.9390824514462       0.28477356580899893       0.19594109037290913        0.0000000000000000     
   0.0000000000000000        2.2700000000000000       0.19645227363318457        2009.2416027629827        1727.0745023732875        4042.5628149924191       0.28515218629348604       0.19645227363318457        0.0000000000000000     
   0.0000000000000000        2.2799999999999998       0.19696426623600086        2025.6953837943663        1734.3069163235762        4069.2589701963384       0.28552959851268617       0.19696426623600086        0.0000000000000000     
   0.0000000000000000        2.2900000000000000       0.19747702878994705        2042.2031751137656        1741.5312940948679        4096.0273050847009       0.28590578266961753       0.19747702878994705        0.0000000000000000     
   0.0000000000000000        2.2999999999999998       0.19799055646200195        2058.7650040141125        1748.7478326139794        4122.8679304822426       0.28628078510124699       0.19799055646200195        0.0000000000000000     
   0.0000000000000000        2.3100000000000001       0.19850482860182203        2075.3805561497443        1755.9562826511940        4149.7805867997331       0.28665457883584311       0.19850482860182203        0.0000000000000000     
   0.0000000000000000        2.3199999999999998       0.19901983678206109        2092.0499107420701        1763.1568629826793        4176.7653933258325       0.28702720134408616       0.19901983678206109        0.0000000000000000     
   0.0000000000000000        2.3299999999999996       0.19953554544398061        2108.7727761377319        1770.3495061078761        4203.8220881488896       0.28739862437032787       0.19953554544398061        0.0000000000000000     
   0.0000000000000000        2.3399999999999999       0.20005195655520419        2125.5490846998123        1777.5342031730054        4230.9506945070752       0.28776886934176948       0.20005195655520419        0.0000000000000000     
   0.0000000000000000        2.3499999999999996       0.20056904359122352        2142.3787641285571        1784.7110489913398        4258.1511458943005       0.28813794402110027       0.20056904359122352        0.0000000000000000     
   0.0000000000000000        2.3599999999999999       0.20108678975651045        2159.2616186008108        1791.8800446504058        4285.4232660214175       0.28850584015390718       0.20108678975651045        0.0000000000000000     
   0.0000000000000000        2.3699999999999997       0.20160519390785636        2176.1975514978044        1799.0410815928587        4312.7670653538689       0.28887258743742988       0.20160519390785636        0.0000000000000000     
   0.0000000000000000        2.3799999999999999       0.20212422241197542        2193.1864572559289        1806.1942634008237        4340.1824415695401       0.28923816918551859       0.20212422241197542        0.0000000000000000     
   0.0000000000000000        2.3899999999999997       0.20264387289446564        2210.2282158958519        1813.3396769668593        4367.6693538976797       0.28960260588470810       0.20264387289446564        0.0000000000000000     
   0.0000000000000000        2.3999999999999999       0.20316411521931793        2227.3226306063270        1820.4772291787390        4395.2275878292166       0.28996588365298614       0.20316411521931793        0.0000000000000000     
   0.0000000000000000        2.4099999999999997       0.20368494697658701        2244.4696753487196        1827.6069977710326        4422.8572236693717       0.29032802510714245       0.20368494697658701        0.0000000000000000     
   0.0000000000000000        2.4199999999999999       0.20420634007047239        2261.6691297579414        1834.7289389963396        4450.5580240263007       0.29068902580802874       0.20420634007047239        0.0000000000000000     
   0.0000000000000000        2.4299999999999997       0.20472830290215721        2278.9210476759104        1841.8431348424633        4478.3301552656076       0.29104889897298764       0.20472830290215721        0.0000000000000000     
   0.0000000000000000        2.4399999999999999       0.20525080072533802        2296.2250664167882        1848.9494572931744        4506.1732790740953       0.29140763257369212       0.20525080072533802        0.0000000000000000     
   0.0000000000000000        2.4499999999999997       0.20577382690873061        2313.5812404508297        1856.0480544585209        4534.0874548761085       0.29176525575514495       0.20577382690873061        0.0000000000000000     
   0.0000000000000000        2.4600000000000000       0.20629737362948339        2330.9894265319253        1863.1390651922484        4562.0725982513604       0.29212175456972161       0.20629737362948339        0.0000000000000000     
   0.0000000000000000        2.4699999999999998       0.20682141504965121        2348.4494642165932        1870.2221925788390        4590.1286168171246       0.29247713600219788       0.20682141504965124        0.0000000000000000     
   0.0000000000000000        2.4800000000000000       0.20734594022010391        2365.9612659315212        1877.2976956144857        4618.2554067538249       0.29283141198719159       0.20734594022010391        0.0000000000000000     
   0.0000000000000000        2.4899999999999998       0.20787093335435805        2383.5246495726183        1884.3654178132726        4646.4528812411354       0.29318457380409407       0.20787093335435805        0.0000000000000000     
   0.0000000000000000        2.5000000000000000       0.20839639306887275        2401.1395911326767        1891.4255954419543        4674.7210555703232       0.29353663281062942       0.20839639306887275        0.0000000000000000     
   0.0000000000000000        2.5099999999999998       0.20892229960843228        2418.8059362147183        1898.4779946749511        4703.0597802508437       0.29388760596091984       0.20892229960843228        0.0000000000000000     
   0.0000000000000000        2.5200000000000000       0.20944863956385928        2436.5235798761205        1905.5227442517253        4731.4689857545918       0.29423747716114385       0.20944863956385928        0.0000000000000000     
   0.0000000000000000        2.5299999999999998       0.20997538928880902        2454.2923245906832        1912.5598352371333        4759.9485599346644       0.29458626775943975       0.20997538928880902        0.0000000000000000     
   0.0000000000000000        2.5400000000000000       0.21050255364282042        2472.1121714843548        1919.5894404660660        4788.4983599141879       0.29493395758053287       0.21050255364282042        0.0000000000000000     
   0.0000000000000000        2.5499999999999998       0.21103011823428233        2489.9830193348366        1926.6113855571773        4817.1186353653475       0.29528058053963879       0.21103011823428233        0.0000000000000000     
   0.0000000000000000        2.5600000000000001       0.21155805082838400        2507.9045711535678        1933.6256652354712        4845.8090552509639       0.29562611335659911       0.21155805082838400        0.0000000000000000     
   0.0000000000000000        2.5699999999999998       0.21208636916187423        2525.8769335819347        1940.6324614635964        4874.5695927175166       0.29597058944564741       0.21208636916187423        0.0000000000000000     
   0.0000000000000000        2.5799999999999996       0.21261503862022618        2543.8998318549893        1947.6316187297878        4903.4000386724965       0.29631398004885667       0.21261503862022621        0.0000000000000000     
   0.0000000000000000        2.5899999999999999       0.21314405721985868        2561.9732415251506        1954.6232787974450        4932.3005757616893       0.29665631249994823       0.21314405721985868        0.0000000000000000     
   0.0000000000000000        2.5999999999999996       0.21367340415172092        2580.0970217108907        1961.6073824376217        4961.2708727365480       0.29699757877117489       0.21367340415172095        0.0000000000000000     
   0.0000000000000000        2.6099999999999999       0.21420308049295619        2598.2710993786118        1968.5840516422215        4990.3111804622959       0.29733779863931592       0.21420308049295619        0.0000000000000000     
   0.0000000000000000        2.6199999999999997       0.21473307085793367        2616.4952918961453        1975.5531240008015        5019.4208857951962       0.29767695523456178       0.21473307085793369        0.0000000000000000     
   0.0000000000000000        2.6299999999999999       0.21526335336320243        2634.7694320201504        1982.5147216549806        5048.6004619002861       0.29801506046394977       0.21526335336320243        0.0000000000000000     
   0.0000000000000000        2.6399999999999997       0.21579393290209206        2653.0938308297314        1989.4689315050696        5077.8495903234789       0.29835212612897682       0.21579393290209206        0.0000000000000000     
   0.0000000000000000        2.6499999999999999       0.21632478285392354        2671.4676956184753        1996.4155340022510        5107.1680825130243       0.29868813494776952       0.21632478285392354        0.0000000000000000     
   0.0000000000000000        2.6599999999999997       0.21685590396615309        2689.8914293444004        2003.3548045047469        5136.5562087650897       0.29902311098593759       0.21685590396615312        0.0000000000000000     
   0.0000000000000000        2.6699999999999999       0.21738728539500840        2708.3645996023820        2010.2866659728061        5166.0136525395801       0.29935704684400449       0.21738728539500840        0.0000000000000000     
   0.0000000000000000        2.6799999999999997       0.21791891103384892        2726.8874713040668        2017.2110847729698        5195.5403220393655       0.29968995062082265       0.21791891103384894        0.0000000000000000     
   0.0000000000000000        2.6899999999999999       0.21845077522592235        2745.4595525468958        2024.1280323749338        5225.1361933589169       0.30002182354362356       0.21845077522592235        0.0000000000000000     
   0.0000000000000000        2.6999999999999997       0.21898286282103507        2764.0810120719684        2031.0377205612585        5254.8013277099244       0.30035266731217514       0.21898286282103507        0.0000000000000000     
   0.0000000000000000        2.7100000000000000       0.21951516304066421        2782.7516931261248        2037.9399647439459        5284.5352189111036       0.30068248786303581       0.21951516304066421        0.0000000000000000     
   0.0000000000000000        2.7199999999999998       0.22004767211522649        2801.4714377980285        2044.8349504942280        5314.3385105733205       0.30101130144126237       0.22004767211522652        0.0000000000000000     
   0.0000000000000000        2.7300000000000000       0.22058037346490697        2820.2401203172649        2051.7224865934004        5344.2103433303610       0.30133908133016241       0.22058037346490697        0.0000000000000000     
   0.0000000000000000        2.7399999999999998       0.22111325946261404        2839.0575753581675        2058.6026821595610        5374.1511561079305       0.30166585381430699       0.22111325946261404        0.0000000000000000     
   0.0000000000000000        2.7500000000000000       0.22164632825806088        2857.9239410911218        2065.4756985177874        5404.1608938787340       0.30199160700902217       0.22164632825806088        0.0000000000000000     
   0.0000000000000000        2.7599999999999998       0.22217955165262607        2876.8387454575895        2072.3412770604273        5434.2389170944834       0.30231635890965192       0.22217955165262609        0.0000000000000000     
   0.0000000000000000        2.7700000000000000       0.22271293540614756        2895.8020588766640        2079.1997057814820        5464.3858961870110       0.30264011176126226       0.22271293540614759        0.0000000000000000     
   0.0000000000000000        2.7799999999999998       0.22324647085078661        2914.8141870749569        2086.0509547901188        5494.6012695071950       0.30296286209342826       0.22324647085078664        0.0000000000000000     
   0.0000000000000000        2.7900000000000000       0.22378014374768421        2933.8743151524932        2092.8947734646808        5524.8854259720056       0.30328461072405427       0.22378014374768421        0.0000000000000000     
   0.0000000000000000        2.7999999999999998       0.22431394998271945        2952.9826721647310        2099.7314697640331        5555.2375289377251       0.30360537475092386       0.22431394998271945        0.0000000000000000     
   0.0000000000000000        2.8100000000000001       0.22484786926681399        2972.1393932308488        2106.5608288409449        5585.6583402024962       0.30392513527505571       0.22484786926681399        0.0000000000000000     
   0.0000000000000000        2.8199999999999998       0.22538189634787353        2991.3437721788905        2113.3830931072475        5616.1471470902243       0.30424390613964553       0.22538189634787353        0.0000000000000000     
   0.0000000000000000        2.8299999999999996       0.22591602876104075        3010.5962188384424        2120.1981738667746        5646.7041713981898       0.30456169445127657       0.22591602876104075        0.0000000000000000     
   0.0000000000000000        2.8399999999999999       0.22645025138166527        3029.8966727129127        2127.0060371367913        5677.3294880361673       0.30487850012225448       0.22645025138166527        0.0000000000000000     
   0.0000000000000000        2.8499999999999996       0.22698456679008877        3049.2447187941125        2133.8067688813453        5708.0228014176955       0.30519432130214158       0.22698456679008877        0.0000000000000000     
   0.0000000000000000        2.8599999999999999       0.22751895759739990        3068.6404554311998        2140.6003347754786        5738.7839082833225       0.30550915926106842       0.22751895759739990        0.0000000000000000     
   0.0000000000000000        2.8699999999999997       0.22805341615011665        3088.0834648554892        2147.3867712951424        5769.6130122287996       0.30582303527814358       0.22805341615011662        0.0000000000000000     
   0.0000000000000000        2.8799999999999999       0.22858792887805326        3107.5739800612928        2154.1661045088326        5800.5100279194512       0.30613592402401468       0.22858792887805326        0.0000000000000000     
   0.0000000000000000        2.8899999999999997       0.22912249912593513        3127.1120752926117        2160.9383084753567        5831.4748678964797       0.30644786454740108       0.22912249912593513        0.0000000000000000     
   0.0000000000000000        2.8999999999999999       0.22965711576348949        3146.6973720636397        2167.7034963019833        5862.5072119013548       0.30675883251220970       0.22965711576348949        0.0000000000000000     
   0.0000000000000000        2.9099999999999997       0.23019176238405256        3166.3296994341108        2174.4616633619034        5893.6071978478767       0.30706883033350590       0.23019176238405259        0.0000000000000000     
   0.0000000000000000        2.9199999999999999       0.23072643318114650        3186.0089402205913        2181.2127171168418        5924.7747714945481       0.30737786530039168       0.23072643318114650        0.0000000000000000     
   0.0000000000000000        2.9299999999999997       0.23126112235502477        3205.7352693316534        2187.9566768587115        5956.0098208238905       0.30768594478114425       0.23126112235502477        0.0000000000000000     
   0.0000000000000000        2.9399999999999999       0.23179583284767505        3225.5078998097665        2194.6936044072881        5987.3123212389901       0.30799306913360713       0.23179583284767505        0.0000000000000000     
   0.0000000000000000        2.9499999999999997       0.23233054737346967        3245.3280188103217        2201.4236990490131        6018.6821264214814       0.30829924045791951       0.23233054737346967        0.0000000000000000     
   0.0000000000000000        2.9600000000000000       0.23286525136804853        3265.1943309972985        2208.1466930838892        6050.1190542204367       0.30860447150924081       0.23286525136804853        0.0000000000000000     
   0.0000000000000000        2.9699999999999998       0.23339995248891612        3285.1076029991887        2214.8626641952696        6081.6233203474585       0.30890874784144584       0.23339995248891612        0.0000000000000000     
   0.0000000000000000        2.9800000000000000       0.23393463517651880        3305.0668689148247        2221.5717340763867        6113.1948321188611       0.30921208038439302       0.23393463517651880        0.0000000000000000     
   0.0000000000000000        2.9899999999999998       0.23446928447580970        3325.0725437589972        2228.2738767020487        6144.8330616253552       0.30951445956652363       0.23446928447580975        0.0000000000000000     
   0.0000000000000000        3.0000000000000000       0.23500390939991803        3345.1247448656613        2234.9690514067179        6176.5386512771547       0.30981591894043287       0.23500390939991803        0.0000000000000000     
   0.0000000000000000        3.0099999999999998       0.23553849746569752        3365.2230380361266        2241.6573544291168        6208.3110352292060       0.31011643549385476       0.23553849746569755        0.0000000000000000     
