# GMSR2021 EOS from CompOSE: https://compose.obspm.fr/eos/229
#
# n0   = 0.176      fm^-3   
# E0   = -15.8      MeV
# K0   = 237.0      MeV
# Esym = 32.0       MeV
# Lsym = 43.9       MeV
# Ksym = -144.0     MeV
# mN   = 939.565421 MeV
# mP   = 938.272088 MeV
#
#             T [MeV]                     nB [fm^-3]                   YQ         pressure P [MeV fm^-3]       muB - mN [MeV]     energy density [MeV fm^-3]   proton fraction Yp       electron fraction Ye       muon fraction Ymu
#
   0.0000000000000000        9.9999999999999995E-008   0.0000000000000000        2.2497400000000001E-008  -8.3842959616064991        9.3130981207395741E-005   0.0000000000000000       0.43923899999999999        0.0000000000000000     
   0.0000000000000000        2.6042664062499998E-003   0.0000000000000000        2.6039292819561182E-003   1.9059108268367790        2.4494218246370130        0.0000000000000000        5.9084458911183975E-002   0.0000000000000000     
   0.0000000000000000        5.2084328125000003E-003   0.0000000000000000        6.1188040619694030E-003   2.8137035393914154        4.9024572473037411        0.0000000000000000        3.9990304496978393E-002   0.0000000000000000     
   0.0000000000000000        7.8125992187499989E-003   0.0000000000000000        1.0868724396508616E-002   3.5410506882791823        7.3575777742796609        0.0000000000000000        3.3556278055741524E-002   0.0000000000000000     
   0.0000000000000000        1.0416765624999999E-002   0.0000000000000000        1.6818401349832601E-002   4.1907119075586143        9.8144841740890545        0.0000000000000000        3.0645602039193608E-002   0.0000000000000000     
   0.0000000000000000        1.3020932031250000E-002   0.0000000000000000        2.3846455364411451E-002   4.7873724989457651        12.273013271521620        0.0000000000000000        2.9187880639562548E-002   0.0000000000000000     
   0.0000000000000000        1.5625098437499998E-002   0.0000000000000000        3.1797286252648480E-002   5.3395704302556553        14.733039408204846        0.0000000000000000        2.8438476751215504E-002   0.0000000000000000     
   0.0000000000000000        1.8229264843749999E-002   0.0000000000000000        4.0519318502419015E-002   5.8520735274419851        17.194452785962849        0.0000000000000000        2.8066314073532869E-002   0.0000000000000000     
   0.0000000000000000        2.0833431249999999E-002   0.0000000000000000        4.9883558015418251E-002   6.3289030699393507        19.657155129655859        0.0000000000000000        2.7905911952317296E-002   0.0000000000000000     
   0.0000000000000000        2.3437597656250000E-002   0.0000000000000000        5.9787788823327005E-002   6.7738683015663179        22.121058352507017        0.0000000000000000        2.7868916764112437E-002   0.0000000000000000     
   0.0000000000000000        2.6041764062500000E-002   0.0000000000000000        7.0157006335541935E-002   7.1906675201610728        24.586084425023529        0.0000000000000000        2.7906385250401330E-002   0.0000000000000000     
   0.0000000000000000        2.8645930468750001E-002   0.0000000000000000        8.0938688592291905E-002   7.5827501521086766        27.052163376844046        0.0000000000000000        2.7990618467153974E-002   0.0000000000000000     
   0.0000000000000000        3.1250096875000001E-002   0.0000000000000000        9.2100072016444309E-002   7.9533386407768223        29.519235922362995        0.0000000000000000        2.8106117170804149E-002   0.0000000000000000     
   0.0000000000000000        3.3854263281250005E-002   0.0000000000000000       0.10362180522581940        8.3053130650032436        31.987249543135327        0.0000000000000000        2.8244084932661954E-002   0.0000000000000000     
   0.0000000000000000        3.6458429687500002E-002   0.0000000000000000       0.11549730134475046        8.6412217486486149        34.456159300588475        0.0000000000000000        2.8399913420138666E-002   0.0000000000000000     
   0.0000000000000000        3.9062596093750006E-002   0.0000000000000000       0.12772727960331903        8.9633321833950514        36.925926695350114        0.0000000000000000        2.8571165778116272E-002   0.0000000000000000     
   0.0000000000000000        4.1666762500000003E-002   0.0000000000000000       0.14031888330418407        9.2736006230998367        39.396517660008158        0.0000000000000000        2.8756524871939419E-002   0.0000000000000000     
   0.0000000000000000        4.4270928906250000E-002   0.0000000000000000       0.15328272807838086        9.5736983445238959        41.867904532982728        0.0000000000000000        2.8955702206037076E-002   0.0000000000000000     
   0.0000000000000000        4.6875095312500004E-002   0.0000000000000000       0.16663297782121531        9.8651702804323573        44.340062281343997        0.0000000000000000        2.9168541899733048E-002   0.0000000000000000     
   0.0000000000000000        4.9479261718750001E-002   0.0000000000000000       0.18038510600461000        10.149173697202373        46.812970401450592        0.0000000000000000        2.9394946872966763E-002   0.0000000000000000     
   0.0000000000000000        5.2083428125000004E-002   0.0000000000000000       0.19455586183244811        10.426900615305211        49.286611263641227        0.0000000000000000        2.9634989411254829E-002   0.0000000000000000     
   0.0000000000000000        5.4687594531250001E-002   0.0000000000000000       0.20916206078070523        10.699256117611695        51.760969852586150        0.0000000000000000        2.9888615480427656E-002   0.0000000000000000     
   0.0000000000000000        5.7291760937500005E-002   0.0000000000000000       0.22422144314141512        10.967048235779782        54.236032964725091        0.0000000000000000        3.0155826130728768E-002   0.0000000000000000     
   0.0000000000000000        5.9895927343750002E-002   0.0000000000000000       0.23975002068559009        11.230989162447317        56.711790191157533        0.0000000000000000        3.0436593795047224E-002   0.0000000000000000     
   0.0000000000000000        6.2500093749999999E-002   0.0000000000000000       0.25576538462717680        11.491701943181702        59.188232273718434        0.0000000000000000        3.0730601787469867E-002   0.0000000000000000     
   0.0000000000000000        6.5104260156249996E-002   0.0000000000000000       0.27228379317080736        11.749693230714820        61.665351303059580        0.0000000000000000        3.1037620885768721E-002   0.0000000000000000     
   0.0000000000000000        6.7708426562500007E-002   0.0000000000000000       0.28932013127510725        12.005440759350893        64.143141291561790        0.0000000000000000        3.1357461694755333E-002   0.0000000000000000     
   0.0000000000000000        7.0312592968750004E-002   0.0000000000000000       0.30688906606734129        12.259355442637585        66.621597318995825        0.0000000000000000        3.1689800587674573E-002   0.0000000000000000     
   0.0000000000000000        7.2916759375000001E-002   0.0000000000000000       0.32500455476579893        12.511659037128965        69.100714282028093        0.0000000000000000        3.2034149173594498E-002   0.0000000000000000     
   0.0000000000000000        7.5520925781249998E-002   0.0000000000000000       0.34367593149129527        12.762737852896935        71.580488968404936        0.0000000000000000        3.2390035259105915E-002   0.0000000000000000     
   0.0000000000000000        7.8125092187500009E-002   0.0000000000000000       0.36291060235273731        13.012701463385351        74.060918214928350        0.0000000000000000        3.2756923524685136E-002   0.0000000000000000     
   0.0000000000000000        8.0729258593750006E-002   0.0000000000000000       0.38270995917894768        13.261592582132398        76.541999415309562        0.0000000000000000        3.3134102040527309E-002   0.0000000000000000     
   0.0000000000000000        8.3333425000000003E-002   0.0000000000000000       0.40303586557033561        13.509102123939702        79.023730581137471        1.2018435076699942E-008   3.3519579800974579E-002   0.0000000000000000     
   0.0000000000000000        8.5937591406250000E-002   0.0000000000000000       0.42398749433160077        13.757013710449765        81.506109945493890       -1.7545505323195825E-008   3.3917065280465779E-002   0.0000000000000000     
   0.0000000000000000        8.8541757812499997E-002   0.0000000000000000       0.44530025804567541        14.001460136025809        83.989129881268312       -9.0576726972593710E-009   3.4315963358797281E-002   0.0000000000000000     
   0.0000000000000000        9.1145924218750007E-002   0.0000000000000000       0.46686893309440136        14.230573913702717        86.472760888464080        3.0656583520766487E-006   3.4690086857979724E-002   0.0000000000000000     
   0.0000000000000000        9.3750090625000004E-002   0.0000000000000000       0.48449333542815243        14.437209632163970        88.957051495893623        1.9829403735638189E-006   3.4997961412643587E-002   0.0000000000000000     
   0.0000000000000000        9.6354257031250001E-002   0.0000000000000000       0.49456334958627279        14.622095313706751        91.442063030589011        1.2259141800966282E-004   3.5219901401136219E-002   0.0000000000000000     
   0.0000000000000000        9.8958423437499998E-002   0.0000000000000000       0.50433744667082747        14.866473352493344        93.927873269455489       -1.7081669539291229E-004   3.5572813214442077E-002   0.0000000000000000     
   0.0000000000000000       0.10156258984375001        0.0000000000000000       0.51702827358990677        15.190702766325694        96.414515771607412       -1.3943918372926953E-004   3.6111881242008113E-002   0.0000000000000000     
   0.0000000000000000       0.10416675625000001        0.0000000000000000       0.53191795921020402        15.542606048956483        98.901945608701070        1.4500757422435868E-003   3.6708310038089331E-002   0.0000000000000000     
   0.0000000000000000       0.10677092265625000        0.0000000000000000       0.55010349218986787        15.907111231137488        101.39015326824175        7.7416447929995408E-003   3.7323951147798108E-002   0.0000000000000000     
   0.0000000000000000       0.10937508906250000        0.0000000000000000       0.57278768517973677        16.265819907355439        103.87911376159819        2.9833307051524392E-002   3.7909742830753046E-002   0.0000000000000000     
   0.0000000000000000       0.11197925546875000        0.0000000000000000       0.60019676807947764        16.612396882071220        106.36884457796683        5.8033901711399258E-002   3.8446250867712632E-002   0.0000000000000000     
   0.0000000000000000       0.11458342187500001        0.0000000000000000       0.63205210102258502        16.948580327852312        108.85938458451591        6.3852377022585755E-002   3.8931642487526015E-002   7.1714072815189431E-007
   0.0000000000000000       0.11718758828125000        0.0000000000000000       0.66766422795860336        17.278064860197382        111.35077832099523        5.1010951865672449E-002   3.9372224326042288E-002   1.6694456291421199E-006
   0.0000000000000000       0.11979175468750000        0.0000000000000000       0.70503821511220988        17.616332035680042        113.84319039293085        4.1441338415946355E-002   3.9804988900470822E-002  -2.6136504723336873E-006
   0.0000000000000000       0.12239592109375000        0.0000000000000000       0.74356686298654295        17.966045631199854        116.33654782817332        3.7058250157869156E-002   4.0233945864989927E-002  -2.4088126222521070E-006
   0.0000000000000000       0.12500008750000000        0.0000000000000000       0.78322894046298075        18.324720410719138        118.83050928814708        3.5896285885683415E-002   4.0650421796905055E-002   2.5789275513088291E-006
   0.0000000000000000       0.12760425390624999        0.0000000000000000       0.82381470451398309        18.692710698814992        121.32492661361802        3.8584722445378299E-002   4.1053516958060532E-002   1.1701625539474490E-005
   0.0000000000000000       0.13020842031249999        0.0000000000000000       0.86587106889716059        19.065775571646220        123.81942548359483        4.1744874056944860E-002   4.1428862096414928E-002   1.8284758771621904E-004
   0.0000000000000000       0.13281258671875001        0.0000000000000000       0.90977924044037795        19.441460296885349        126.31376852518194        4.3269259797169828E-002   4.1768193145446691E-002   6.0933658659894079E-004
   0.0000000000000000       0.13541675312500001        0.0000000000000000       0.95558683616379181        19.821273268707650        128.80814792108558        4.3640255999025067E-002   4.2077115153851895E-002   1.0896751587240712E-003
   0.0000000000000000       0.13802091953125001        0.0000000000000000        1.0033169229927481        20.207933239647783        131.30297992655093        4.3908151155181853E-002   4.2366058163711778E-002   1.2864171379588180E-003
   0.0000000000000000       0.14062508593750001        0.0000000000000000        1.0530968845034516        20.601805336012930        133.79834898031100        4.3925904193597452E-002   4.2636517270163911E-002   1.2201686852501552E-003
   0.0000000000000000       0.14322925234375000        0.0000000000000000        1.1049879244312566        21.003968797868851        136.29442025448228        4.4085001443906952E-002   4.2892564302978470E-002   1.2657608436279519E-003
   0.0000000000000000       0.14583341875000000        0.0000000000000000        1.1590685481304372        21.415252559701084        138.79133962605835        4.4609152122712971E-002   4.3137293778541690E-002   1.5758246475598386E-003
   0.0000000000000000       0.14843758515625000        0.0000000000000000        1.2154368831554290        21.835823874663518        141.28915232770271        4.5402134823447321E-002   4.3371186126377304E-002   2.0626722132524675E-003
   0.0000000000000000       0.15104175156249999        0.0000000000000000        1.2742011017062222        22.265224237610674        143.78779010301798        4.6106464488043244E-002   4.3592220768852656E-002   2.4989989318243352E-003
   0.0000000000000000       0.15364591796874999        0.0000000000000000        1.3354554895270161        22.703704494476288        146.28730373309972        4.6694271351040824E-002   4.3801157305908042E-002   2.8632625919307736E-003
   0.0000000000000000       0.15625008437500001        0.0000000000000000        1.3992872959034530        23.151548710253316        148.78774298774903        4.7178104382266398E-002   4.3998799041890808E-002   3.1633906350411085E-003
   0.0000000000000000       0.15885425078125001        0.0000000000000000        1.4657731391422357        23.609152932112867        151.28916958232716        4.7649689601738113E-002   4.4186292406685181E-002   3.4615603421323487E-003
   0.0000000000000000       0.16145841718750001        0.0000000000000000        1.5349966960055506        24.076812515431197        153.79163446021963        4.8145205555462534E-002   4.4364430434382707E-002   3.7822531230062013E-003
   0.0000000000000000       0.16406258359375001        0.0000000000000000        1.6070507570128323        24.554723885024924        156.29517772686802        4.8641766170901671E-002   4.4533656696728846E-002   4.1100832023475784E-003
   0.0000000000000000       0.16666675000000000        0.0000000000000000        1.6820230453341294        25.043082761660603        158.79983651536253        4.9135247448143154E-002   4.4694404434038208E-002   4.4415957880419360E-003
   0.0000000000000000       0.16927091640625000        0.0000000000000000        1.7600002845130718        25.542053566918383        161.30564177692619        4.9616242056419207E-002   4.4846991009811057E-002   4.7692567092291844E-003
   0.0000000000000000       0.17187508281250000        0.0000000000000000        1.8410727116637979        26.051834972647423        163.81263122152004        5.0083609326122276E-002   4.4991828179171689E-002   5.0917749339411816E-003
   0.0000000000000000       0.17447924921874999        0.0000000000000000        1.9253331878611586        26.572643064174130        166.32084619847251        5.0540308506804021E-002   4.5129369639198912E-002   5.4109659096515210E-003
   0.0000000000000000       0.17708341562499999        0.0000000000000000        2.0128743263236104        27.104670763775456        168.83032404336763        5.0986508531657558E-002   4.5259970715351316E-002   5.7266098169831648E-003
   0.0000000000000000       0.17968758203125001        0.0000000000000000        2.1037897916527983        27.648106476479732        171.34110123773212        5.1422393812037004E-002   4.5383954429426276E-002   6.0385378367099080E-003
   0.0000000000000000       0.18229174843750001        0.0000000000000000        2.1981753874049947        28.203147265164841        173.85321549323476        5.1848083699079589E-002   4.5501665061604073E-002   6.3465218472219202E-003
   0.0000000000000000       0.18489591484375001        0.0000000000000000        2.2961284758623934        28.769992408708980        176.36670482909867        5.2263705320883133E-002   4.5613440680293264E-002   6.6503530834824192E-003
   0.0000000000000000       0.18750008125000001        0.0000000000000000        2.3977480027064666        29.348828951142558        178.88160283930296        5.2669485800549247E-002   4.5719571512205619E-002   6.9499802837895558E-003
   0.0000000000000000       0.19010424765625000        0.0000000000000000        2.5031343809701667        29.939844127184184        181.39794261865723        5.3065678626376574E-002   4.5820334146693127E-002   7.2453939522694345E-003
   0.0000000000000000       0.19270841406250000        0.0000000000000000        2.6123897851708873        30.543236966811353        183.91576109906529        5.3452497586839440E-002   4.5916021156552696E-002   7.5365146496182804E-003
   0.0000000000000000       0.19531258046875000        0.0000000000000000        2.7256176571652926        31.159208274891352        186.43509543874211        5.3830177185371517E-002   4.6006915206279093E-002   7.8232933119964307E-003
   0.0000000000000000       0.19791674687499999        0.0000000000000000        2.8429194793485695        31.787961063025961        188.95598346717270        5.4199011013970511E-002   4.6093286291684160E-002   8.1057537192421349E-003
   0.0000000000000000       0.20052091328124999        0.0000000000000000        2.9643991459215133        32.429699960964520        191.47846301430096        5.4559297494249565E-002   4.6175395715398547E-002   8.3839323868618310E-003
   0.0000000000000000       0.20312507968750002        0.0000000000000000        3.0901657070637913        33.084630582919090        194.00257156786316        5.4911304473583229E-002   4.6253501565611782E-002   8.6578412664053642E-003
   0.0000000000000000       0.20572924609375001        0.0000000000000000        3.2203305504070125        33.752959670875931        196.52834611435372        5.5255318132927812E-002   4.6327847251765246E-002   8.9275207460767832E-003
   0.0000000000000000       0.20833341250000001        0.0000000000000000        3.3550091452947002        34.434892931300027        199.05582150965046        5.5591648043761197E-002   4.6398648728102808E-002   9.1930495161460582E-003
   0.0000000000000000       0.21093757890625001        0.0000000000000000        3.4943182897371603        35.130639811421212        201.58503380204849        5.5920602752172623E-002   4.6466125593416008E-002   9.4545083280120432E-003
   0.0000000000000000       0.21354174531250000        0.0000000000000000        3.6383750020479697        35.840416733421293        204.11602128043586        5.6242480721693043E-002   4.6530509703342486E-002   9.7119630611658576E-003
   0.0000000000000000       0.21614591171875000        0.0000000000000000        3.7872987435669598        36.564439179196739        206.64882259492799        5.6557590904082480E-002   4.6592028170098478E-002   9.9655046134188158E-003
   0.0000000000000000       0.21875007812500000        0.0000000000000000        3.9412108557627765        37.302921456072596        209.18347755472604        5.6866250534697418E-002   4.6650910049375868E-002   1.0215247346266521E-002
   0.0000000000000000       0.22135424453124999        0.0000000000000000        4.1002350976361521        38.056084518603313        211.72002563216051        5.7168775986587074E-002   4.6707374230426320E-002   1.0461300438304890E-002
   0.0000000000000000       0.22395841093749999        0.0000000000000000        4.2644981866369536        38.824156078844098        214.25850599133025        5.7465480648855691E-002   4.6761631411750555E-002   1.0703764671330924E-002
   0.0000000000000000       0.22656257734375002        0.0000000000000000        4.4341277980204206        39.607367366265386        216.79895778127315        5.7756685769414999E-002   4.6813881838142057E-002   1.0942754338903574E-002
   0.0000000000000000       0.22916674375000001        0.0000000000000000        4.6092529989812672        40.405954215049860        219.34141994359643        5.8042717725441881E-002   4.6864315075297328E-002   1.1178391174562629E-002
   0.0000000000000000       0.23177091015625001        0.0000000000000000        4.7900066998451125        41.220154536745497        221.88593240183238        5.8323898943249540E-002   4.6913126273561298E-002   1.1410797153472759E-002
   0.0000000000000000       0.23437507656250001        0.0000000000000000        4.9765250989687884        42.050208487422331        224.43253609460595        5.8600546982530338E-002   4.6960513650992221E-002   1.1640094140634792E-002
   0.0000000000000000       0.23697924296875000        0.0000000000000000        5.1689474709124417        42.896361658742777        226.98127103713719        5.8872992950835284E-002   4.7006666340906882E-002   1.1866416020823826E-002
   0.0000000000000000       0.23958340937500000        0.0000000000000000        5.3674161952069097        43.758863553822536        229.53217722460226        5.9141572203585395E-002   4.7051769691463040E-002   1.2089902640018621E-002
   0.0000000000000000       0.24218757578125000        0.0000000000000000        5.5720755057857128        44.637965560974777        232.08529621521780        5.9406607494737189E-002   4.7096009838293700E-002   1.2310688374543405E-002
   0.0000000000000000       0.24479174218749999        0.0000000000000000        5.7830720401524287        45.533922279957032        234.64067028356675        5.9668418021144962E-002   4.7139570974345638E-002   1.2528907431033768E-002
   0.0000000000000000       0.24739590859374999        0.0000000000000000        6.0005562767518326        46.446988471591801        237.19834328073492        5.9927315005063798E-002   4.7182639808761619E-002   1.2744699497493871E-002
   0.0000000000000000       0.25000007499999999        0.0000000000000000        6.2246815519209431        47.377421909775443        239.75835977564878        6.0183607346749046E-002   4.7225401228812448E-002   1.2958206117436609E-002
   0.0000000000000000       0.25260424140624999        0.0000000000000000        6.4556030568849350        48.325487554826893        242.32076378032346        6.0437612409980183E-002   4.7268033809031010E-002   1.3169567839144729E-002
   0.0000000000000000       0.25520840781249998        0.0000000000000000        6.6934786422375678        49.291454256785016        244.88559965912444        6.0689647560775675E-002   4.7310712900162762E-002   1.3378926591241177E-002
   0.0000000000000000       0.25781257421874998        0.0000000000000000        6.9384685556705961        50.275594172073752        247.45291064897262        6.0940030369480140E-002   4.7353599280857868E-002   1.3586429501572029E-002
   0.0000000000000000       0.26041674062499998        0.0000000000000000        7.1907358737854041        51.278183333265950        250.02274072346481        6.1189077935197698E-002   4.7396853765883269E-002   1.3792224143090108E-002
   0.0000000000000000       0.26302090703125003        0.0000000000000000        7.4504468806448987        52.299498819210811        252.59513568470430        6.1437104292610067E-002   4.7440645892438932E-002   1.3996455068574281E-002
   0.0000000000000000       0.26562507343750003        0.0000000000000000        7.7177707987534001        53.339824162507625        255.17014243390850        6.1684424090688417E-002   4.7485146257238299E-002   1.4199267879314355E-002
   0.0000000000000000       0.26822923984375002        0.0000000000000000        7.9928801798941471        54.399457409152518        257.74781094932916        6.1931354950500062E-002   4.7530536971474156E-002   1.4400809038976730E-002
   0.0000000000000000       0.27083340625000002        0.0000000000000000        8.2759503247942341        55.478694491805420        260.32819075743708        6.2178212145541874E-002   4.7576992857695191E-002   1.4601225442030113E-002
   0.0000000000000000       0.27343757265625002        0.0000000000000000        8.5671590039531242        56.577825803903899        262.91133009875244        6.2425305357843838E-002   4.7624677723090286E-002   1.4800663386093307E-002
   0.0000000000000000       0.27604173906250001        0.0000000000000000        8.8666870346802575        57.697139651035990        265.49727660738751        6.2672945470899799E-002   4.7673747408948579E-002   1.4999271252186641E-002
   0.0000000000000000       0.27864590546875001        0.0000000000000000        9.1747182162788921        58.836915808116728        268.08607570080414        6.2921444924813066E-002   4.7724341490944337E-002   1.5197200584765050E-002
   0.0000000000000000       0.28125007187500001        0.0000000000000000        9.4914392521471740        59.997444737100366        270.67777525940960        6.3171112381953942E-002   4.7776609126695346E-002   1.5394600853992906E-002
   0.0000000000000000       0.28385423828125000        0.0000000000000000        9.8170388960782500        61.179026169834152        273.27242618255281        6.3422255558611002E-002   4.7830709366588099E-002   1.5591620737136597E-002
   0.0000000000000000       0.28645840468750000        0.0000000000000000        10.151710973276339        62.381970145988035        275.87007997580940        6.3675172561205473E-002   4.7886805029935781E-002   1.5788404752218543E-002
   0.0000000000000000       0.28906257109375000        0.0000000000000000        10.495654146335266        63.606599034099879        278.47078959572184        6.3930152328997292E-002   4.7945066271041364E-002   1.5985093081481088E-002
   0.0000000000000000       0.29166673750000000        0.0000000000000000        10.849067394140866        64.853225170183379        281.07460796949226        6.4187493020246247E-002   4.8005652546330282E-002   1.6181831675214073E-002
   0.0000000000000000       0.29427090390624999        0.0000000000000000        11.212151143417845        66.122155021198239        283.68158760064171        6.4447497066231429E-002   4.8068717151394220E-002   1.6378767964991298E-002
   0.0000000000000000       0.29687507031249999        0.0000000000000000        11.585106817002240        67.413695810660954        286.29178416382382        6.4710473109553246E-002   4.8134407307149525E-002   1.6576059201487987E-002
   0.0000000000000000       0.29947923671874999        0.0000000000000000        11.968137232610278        68.728153730301642        288.90525501056004        6.4976734052250740E-002   4.8202865175642588E-002   1.6773867995985556E-002
   0.0000000000000000       0.30208340312499998        0.0000000000000000        12.361450075147419        70.065839761052658        291.52205591870779        6.5246581775502230E-002   4.8274240362573898E-002   1.6972345445481922E-002
   0.0000000000000000       0.30468756953124998        0.0000000000000000        12.765256014822983        71.427065371502380        294.14224291791925        6.5520313702201419E-002   4.8348684246738070E-002   1.7171639797762886E-002
   0.0000000000000000       0.30729173593749998        0.0000000000000000        13.179771701853328        72.812155333787715        296.76586889014538        6.5798226464746840E-002   4.8426349330619615E-002   1.7371888695055258E-002
   0.0000000000000000       0.30989590234375003        0.0000000000000000        13.605217179587754        74.221437075797098        299.39298644715876        6.6080614753669123E-002   4.8507388347457041E-002   1.7573227092824377E-002
   0.0000000000000000       0.31250006875000003        0.0000000000000000        14.041810766489846        75.655225113072788        302.02365276451627        6.6367775017254035E-002   4.8591949643487280E-002   1.7775802338269732E-002
   0.0000000000000000       0.31510423515625002        0.0000000000000000        14.489772562289115        77.113832099246792        304.65792627327573        6.6660002832091961E-002   4.8680180463573752E-002   1.7979763459936023E-002
   0.0000000000000000       0.31770840156250002        0.0000000000000000        14.949325967572591        78.597559905886328        307.29586952387427        6.6957583225263628E-002   4.8772227813977449E-002   1.8185265545157370E-002
   0.0000000000000000       0.32031256796875002        0.0000000000000000        15.420696278841227        80.106710962300838        309.93754569783255        6.7260801585197164E-002   4.8868237782043147E-002   1.8392463665185807E-002
   0.0000000000000000       0.32291673437500001        0.0000000000000000        15.904110062304250        81.641596398773785        312.58301500163810        6.7569951401712569E-002   4.8968355937753040E-002   1.8601505398229363E-002
   0.0000000000000000       0.32552090078125001        0.0000000000000000        16.399795754565744        83.202530087388922        315.23233814605010        6.7885327077020025E-002   4.9072726644444634E-002   1.8812538786356241E-002
   0.0000000000000000       0.32812506718750001        0.0000000000000000        16.907983640146188        84.789842898877595        317.88557506094310        6.8207229454951002E-002   4.9181491682338256E-002   1.9025712316821784E-002
   0.0000000000000000       0.33072923359375000        0.0000000000000000        17.428905732628007        86.403858518952589        320.54278666155693        6.8535957044660575E-002   4.9294792747819220E-002   1.9241174056727674E-002
   0.0000000000000000       0.33333340000000000        0.0000000000000000        17.962794585409352        88.044877929992921        323.20403606483217        6.8871801420970186E-002   4.9412773726153152E-002   1.9459073649112642E-002
   0.0000000000000000       0.33593756640625000        0.0000000000000000        18.509886080511613        89.713206556180737        325.86938669118950        6.9215054303755408E-002   4.9535576185973478E-002   1.9679557449547001E-002
   0.0000000000000000       0.33854173281250000        0.0000000000000000        19.070421176544418        91.409154468617558        328.53890254748688        6.9566005606767567E-002   4.9663338245900149E-002   1.9902765644042256E-002
   0.0000000000000000       0.34114589921874999        0.0000000000000000        19.644639645632189        93.133022352015800        331.21264833489181        6.9924945578966641E-002   4.9796199967677132E-002   2.0128842764770088E-002
   0.0000000000000000       0.34375006562499999        0.0000000000000000        20.232779089212183        94.885098298952840        333.89068911421754        7.0292165381819816E-002   4.9934302934409119E-002   2.0357936846535831E-002
   0.0000000000000000       0.34635423203124999        0.0000000000000000        20.835077685480790        96.665668399847050        336.57309138636663        7.0667955169575344E-002   5.0077791428649938E-002   2.0590201782955325E-002
   0.0000000000000000       0.34895839843749998        0.0000000000000000        21.451772981637767        98.475014479449356        339.25992311293982        7.1052604567358554E-002   5.0226813332728465E-002   2.0825799127106671E-002
   0.0000000000000000       0.35156256484374998        0.0000000000000000        22.083104214507259        100.31341268933541        341.95125196815792        7.1446402907201056E-002   5.0381512140289339E-002   2.1064882364839443E-002
   0.0000000000000000       0.35416673124999998        0.0000000000000000        22.729310533361847        102.18114165455614        344.64714556691956        7.1849640122908981E-002   5.0542027911958151E-002   2.1307600168407444E-002
   0.0000000000000000       0.35677089765624997        0.0000000000000000        23.390636302036555        104.07844862505611        347.34767182983228        7.2262602792656991E-002   5.0708500005348524E-002   2.1554095920373741E-002
   0.0000000000000000       0.35937506406250003        0.0000000000000000        24.067329059560855        106.00556252662547        350.05289887340837        7.2685575656669776E-002   5.0881066251221865E-002   2.1804508342452535E-002
   0.0000000000000000       0.36197923046875002        0.0000000000000000        24.759630125633542        107.96273604813327        352.76289582500760        7.3118846286114605E-002   5.1059865673158296E-002   2.2058984405405619E-002
   0.0000000000000000       0.36458339687500002        0.0000000000000000        25.467777747339888        109.95022160499192        355.47773244853744        7.3562702312995637E-002   5.1245037835897379E-002   2.2317674603958657E-002
   0.0000000000000000       0.36718756328125002        0.0000000000000000        26.192009389867877        111.96832021295496        358.19747948822339        7.4017437561336899E-002   5.1436719682144208E-002   2.2580729598402686E-002
   0.0000000000000000       0.36979172968750001        0.0000000000000000        26.932560935751322        114.01734286454587        360.92220835128035        7.4483347266903005E-002   5.1635047447170887E-002   2.2848301178119076E-002
   0.0000000000000000       0.37239589609375001        0.0000000000000000        27.689667867592021        116.09752683757542        363.65199018342491        7.4960719738163234E-002   5.1840158563519423E-002   2.3120539130999696E-002
   0.0000000000000000       0.37500006250000001        0.0000000000000000        28.463564235852367        118.20908729139299        366.38689640606702        7.5449841960291558E-002   5.2052190329178460E-002   2.3397593036448370E-002
   0.0000000000000000       0.37760422890625001        0.0000000000000000        29.254485775091570        120.35227184712794        369.12699958837050        7.5950992190515543E-002   5.2271283204412475E-002   2.3679618606327724E-002
   0.0000000000000000       0.38020839531250000        0.0000000000000000        30.062666399077379        122.52731086257805        371.87237262200091        7.6464448455952433E-002   5.2497577189686069E-002   2.3966771323093588E-002
   0.0000000000000000       0.38281256171875000        0.0000000000000000        30.888333557129194        124.73440083982155        374.62308839517772        7.6990496308201067E-002   5.2731208575100420E-002   2.4259201191878459E-002
   0.0000000000000000       0.38541672812500000        0.0000000000000000        31.731712760000971        126.97370916683255        377.37921986482013        7.7529422535764142E-002   5.2972312678798865E-002   2.4557057406536170E-002
   0.0000000000000000       0.38802089453124999        0.0000000000000000        32.593030596913813        129.24529037798823        380.14083841577326        7.8081523800282424E-002   5.3221020998927018E-002   2.4860485593716473E-002
   0.0000000000000000       0.39062506093749999        0.0000000000000000        33.472509542937239        131.54921663125802        382.90801632799486        7.8647093495183604E-002   5.3477465497059604E-002   2.5169631869016228E-002
   0.0000000000000000       0.39322922734374999        0.0000000000000000        34.370364589259701        133.88563605322304        385.68082714007301        7.9226414576467175E-002   5.3741780028512119E-002   2.5484646186144436E-002
   0.0000000000000000       0.39583339374999998        0.0000000000000000        35.286807935608500        136.25470676124598        388.45934618827869        7.9819768759046866E-002   5.4014099451070705E-002   2.5805677097297426E-002
   0.0000000000000000       0.39843756015624998        0.0000000000000000        36.222049103013610        138.65665273807937        391.24365327136906        8.0427432361727766E-002   5.4294562801833833E-002   2.6132871346332458E-002
   0.0000000000000000       0.40104172656249998        0.0000000000000000        37.176292348842352        141.09164779305922        394.03382603741250        8.1049683228827302E-002   5.4583305725399232E-002   2.6466376716808532E-002
   0.0000000000000000       0.40364589296874998        0.0000000000000000        38.149735015528307        143.55977000962318        396.82993907952135        8.1686801423367011E-002   5.4880459253110608E-002   2.6806340680365501E-002
   0.0000000000000000       0.40625005937500003        0.0000000000000000        39.142571454697467        146.06112419508332        399.63206551063843        8.2339068000248275E-002   5.5186152599580603E-002   2.7152914696878694E-002
   0.0000000000000000       0.40885422578125002        0.0000000000000000        40.154992836954769        148.59582403821568        402.44027530753016        8.3006766856235259E-002   5.5500511481893160E-002   2.7506255338676257E-002
   0.0000000000000000       0.41145839218750002        0.0000000000000000        41.187182503639313        151.16394001637732        405.25464121261933        8.3690176562142116E-002   5.5823663066059764E-002   2.7866513496082351E-002
   0.0000000000000000       0.41406255859375002        0.0000000000000000        42.239315886654403        153.76552150842281        408.07523810981866        8.4389568873452295E-002   5.6155734091557052E-002   2.8233834781895246E-002
   0.0000000000000000       0.41666672500000002        0.0000000000000000        43.311562253492816        156.40053803212382        410.90214215730953        8.5105219506918253E-002   5.6496855205752740E-002   2.8608364301165517E-002
   0.0000000000000000       0.41927089140625001        0.0000000000000000        44.404083887857425        159.06889650089423        413.73543114547965        8.5837404831627676E-002   5.6847159704752716E-002   2.8990245126874967E-002
   0.0000000000000000       0.42187505781250001        0.0000000000000000        45.517036846830734        161.77056021216268        416.57518036503177        8.6586394120690968E-002   5.7206773281011127E-002   2.9379620839679845E-002
   0.0000000000000000       0.42447922421875001        0.0000000000000000        46.650570223225593        164.50550053822849        419.42146366441517        8.7352452636230107E-002   5.7575817829055680E-002   2.9776634807174428E-002
   0.0000000000000000       0.42708339062500000        0.0000000000000000        47.804827209797203        167.27373723937293        422.27435534404191        8.8135839055010948E-002   5.7954410086819189E-002   3.0181428968191763E-002
   0.0000000000000000       0.42968755703125000        0.0000000000000000        48.979944068273582        170.07530201511349        425.13392935285799        8.8936807796035217E-002   5.8342663464229470E-002   3.0594144331805746E-002
   0.0000000000000000       0.43229172343750000        0.0000000000000000        50.176045172160819        172.91012462312034        428.00025943401863        8.9755614618245730E-002   5.8740694309897173E-002   3.1014920308348546E-002
   0.0000000000000000       0.43489588984374999        0.0000000000000000        51.393243830133336        175.77809759453498        430.87341911164327        9.0592512454127638E-002   5.9148617758388450E-002   3.1443894695739182E-002
   0.0000000000000000       0.43750005624999999        0.0000000000000000        52.631666099749559        178.67908991832073        433.75348003862899        9.1447765255634472E-002   5.9566555608664744E-002   3.1881209646969715E-002
   0.0000000000000000       0.44010422265624999        0.0000000000000000        53.891428651022672        181.61294574096760        436.64051347713348        9.2321634243323347E-002   5.9994628181682427E-002   3.2327006061673338E-002
   0.0000000000000000       0.44270838906249999        0.0000000000000000        55.172617776788236        184.57951059552838        439.53459147121288        9.3214361332735210E-002   6.0432945112406142E-002   3.2781416561106884E-002
   0.0000000000000000       0.44531255546874998        0.0000000000000000        56.475305016650836        187.57860591629330        442.43578603675144        9.4126183497977953E-002   6.0881612870618752E-002   3.3244571899389279E-002
   0.0000000000000000       0.44791672187499998        0.0000000000000000        57.799527102999235        190.60999631807110        445.34417175188582        9.5057332706625614E-002   6.1340729176219494E-002   3.3716604840431937E-002
   0.0000000000000000       0.45052088828124998        0.0000000000000000        59.145312959594790        193.67343562274309        448.25982213755088        9.6008036007182093E-002   6.1810390835176351E-002   3.4197644693977208E-002
   0.0000000000000000       0.45312505468750003        0.0000000000000000        60.512707221463579        196.76867524421741        451.18280710839889        9.6978518942907738E-002   6.2290695980939899E-002   3.4687815966613592E-002
   0.0000000000000000       0.45572922109375003        0.0000000000000000        61.901738222032598        199.89547029701700        454.11319598562653        9.7968999667268575E-002   6.2781744419417113E-002   3.5187238666952336E-002
   0.0000000000000000       0.45833338750000002        0.0000000000000000        63.312415110922302        203.05363286730150        457.05105671778102        9.8979684857978076E-002   6.3283647903730852E-002   3.5696023700619618E-002
   0.0000000000000000       0.46093755390625002        0.0000000000000000        64.744741281880721        206.24291434965812        459.99645665482467       0.10001077952278624        6.3796507545745035E-002   3.6214282712009799E-002
   0.0000000000000000       0.46354172031250002        0.0000000000000000        66.198704090448032        209.46299099454217        462.94946293470008       0.10106247084918886        6.4320408010856797E-002   3.6742126592555394E-002
   0.0000000000000000       0.46614588671875001        0.0000000000000000        67.674305862159329        212.71347679095268        465.91014158710539       0.10213497552937754        6.4855428445272825E-002   3.7279671967967914E-002
   0.0000000000000000       0.46875005312500001        0.0000000000000000        69.171576345992577        215.99388419343876        468.87855767927357       0.10322855491767670        6.5401637015975483E-002   3.7827046392475056E-002
   0.0000000000000000       0.47135421953125001        0.0000000000000000        70.690498763826824        219.30377111336023        471.85477535557601       0.10434341556273691        6.5959103374524403E-002   3.8384361750677491E-002
   0.0000000000000000       0.47395838593750000        0.0000000000000000        72.231019364376095        222.64273371094657        474.83885803321817       0.10547973494423774        6.6527897182637241E-002   3.8951714701022148E-002
   0.0000000000000000       0.47656255234375000        0.0000000000000000        73.793035333961186        226.01037632864032        477.83086755322029       0.10663760471718277        6.7108088526382989E-002   3.9529195090145929E-002
   0.0000000000000000       0.47916671875000000        0.0000000000000000        75.376391905912655        229.40632585211924        480.83086431343884       0.10781703740791004        6.7699748534857135E-002   4.0116882750363160E-002
   0.0000000000000000       0.48177088515624999        0.0000000000000000        76.980970044438152        232.83013243374506        483.83890835057343       0.10901813668759165        6.8302936175364995E-002   4.0714860244667271E-002
   0.0000000000000000       0.48437505156249999        0.0000000000000000        78.606665758625169        236.28128979603082        486.85505875564542       0.11024103146104527        6.8917701316982855E-002   4.1323209078403825E-002
   0.0000000000000000       0.48697921796874999        0.0000000000000000        80.253365007841765        239.75928559158649        489.87937491837783       0.11148595471037484        6.9544089374087792E-002   4.1942009168479406E-002
   0.0000000000000000       0.48958338437499999        0.0000000000000000        81.920950327482757        243.26358209274730        492.91191575352633       0.11275318703763221        7.0182139845626795E-002   4.2571338087441513E-002
   0.0000000000000000       0.49218755078124998        0.0000000000000000        83.609273359209595        246.79362509970352        495.95273743602314       0.11404285502105159        7.0831887579394959E-002   4.3211262294884457E-002
   0.0000000000000000       0.49479171718749998        0.0000000000000000        85.318164920597837        250.34884830788985        499.00189451293130       0.11535503450522788        7.1493360988614182E-002   4.3861840256525356E-002
   0.0000000000000000       0.49739588359374998        0.0000000000000000        87.047473142013303        253.92857774018540        502.05943968136995       0.11668975697820111        7.2166593435696980E-002   4.4523137116066806E-002
   0.0000000000000000       0.50000004999999992        0.0000000000000000        88.797033784703643        257.53211315130181        505.12542415384934       0.11804702627625412        7.2851613265627155E-002   4.5195213007626973E-002
   0.0000000000000000       0.50260421640624997        0.0000000000000000        90.566645894531135        261.15881784018688        508.19989837897691       0.11942689748452068        7.3548431406868217E-002   4.5878110958915530E-002
   0.0000000000000000       0.50520838281249991        0.0000000000000000        92.356088174777469        264.80805082361024        511.28291148929355       0.12082941188368489        7.4257050965766305E-002   4.6571866175067866E-002
   0.0000000000000000       0.50781254921874996        0.0000000000000000        94.165069906062826        268.47923466320196        514.37451279902098       0.12225451746620464        7.4977463826530866E-002   4.7276500884373421E-002
   0.0000000000000000       0.51041671562499991        0.0000000000000000        95.993292627763751        272.17176573929311        517.47474983727489       0.12370216692239122        7.5709655446911425E-002   4.7992031353985880E-002
   0.0000000000000000       0.51302088203124996        0.0000000000000000        97.840501270056805        275.88495306595053        520.58366767523751       0.12517234392096183        7.6453607904899606E-002   4.8718472239035214E-002
   0.0000000000000000       0.51562504843749990        0.0000000000000000        99.706426759075271        279.61807523713270        523.70130885024082       0.12666506395096666        7.7209297906491697E-002   4.9455833378209364E-002
   0.0000000000000000       0.51822921484374995        0.0000000000000000        101.59079508171781        283.37031848484020        526.82771023563873       0.12818050059111022        7.7976703192201929E-002   5.0204127518788895E-002
   0.0000000000000000       0.52083338124999989        0.0000000000000000        103.49332022248159        287.14088649496244        529.96290890117359       0.12971874054986224        7.8755790475752097E-002   5.0963355897373212E-002
   0.0000000000000000       0.52343754765624995        0.0000000000000000        105.41369285905050        290.92904281143871        533.10694359103479       0.13127972423149364        7.9546511958550406E-002   5.1733503132373418E-002
   0.0000000000000000       0.52604171406250000        0.0000000000000000        107.35160487557805        294.73403941486879        536.25985300674665       0.13286331736098198        8.0348810251033187E-002   5.2514545541796159E-002
   0.0000000000000000       0.52864588046874994        0.0000000000000000        109.30675337057261        298.55514389736010        539.42167805760425       0.13446922073481979        8.1162614400265634E-002   5.3306447348473222E-002
   0.0000000000000000       0.53125004687499999        0.0000000000000000        111.27881324387988        302.39159614627511        542.59245554361576       0.13609722591356363        8.1987849783309752E-002   5.4109167928950236E-002
   0.0000000000000000       0.53385421328124993        0.0000000000000000        113.26745194108578        306.24262523828111        545.77221811494860       0.13774721316678140        8.2824435544593844E-002   5.4922660925025478E-002
   0.0000000000000000       0.53645837968749999        0.0000000000000000        115.27228297348252        310.10740122070428        548.96099527948979       0.13941910788921935        8.3672291328361473E-002   5.5746875761502515E-002
   0.0000000000000000       0.53906254609374993        0.0000000000000000        117.29286717138655        313.98503539022545        552.15881248778567       0.14111291420042765        8.4531337632084660E-002   5.6581758323988124E-002
   0.0000000000000000       0.54166671249999998        0.0000000000000000        119.32881173917536        317.87470551140547        555.36569660867406       0.14282850832997687        8.5401475003916497E-002   5.7427240118490708E-002
   0.0000000000000000       0.54427087890624992        0.0000000000000000        121.37974689595130        321.77563140745224        558.58167587738171       0.14456569163482497        8.6282590162321843E-002   5.8283239286499984E-002
   0.0000000000000000       0.54687504531249997        0.0000000000000000        123.44532614537653        325.68704449017758        561.80677382400086       0.14632418580258180        8.7174551467501582E-002   5.9149668462955378E-002
   0.0000000000000000       0.54947921171874992        0.0000000000000000        125.52522142632621        329.60819476441662        565.04101170518902       0.14810364713256774        8.8077212221569126E-002   6.0026431746156836E-002
   0.0000000000000000       0.55208337812499997        0.0000000000000000        127.61905861186335        333.53830459400808        568.28441089380681       0.14990381024989524        8.8990430240066476E-002   6.0913422905078833E-002
   0.0000000000000000       0.55468754453124991        0.0000000000000000        129.72645186288565        337.47659033761596        571.53698960967643       0.15172441383471355        8.9914058295084101E-002   6.1810527308991038E-002
   0.0000000000000000       0.55729171093749996        0.0000000000000000        131.84696114723761        341.42226091285823        574.79878080596552       0.15356526710357227        9.0847948852998309E-002   6.2717612566546482E-002
   0.0000000000000000       0.55989587734374990        0.0000000000000000        133.98013169942610        345.37452413539484        578.06981821543638       0.15542618193651783        9.1791948200244333E-002   6.3634536007983911E-002
   0.0000000000000000       0.56250004374999996        0.0000000000000000        136.12556884379651        349.33262425851854        581.35012204585519       0.15730685085122767        9.2745884529023589E-002   6.4561155149763738E-002
   0.0000000000000000       0.56510421015624990        0.0000000000000000        138.28288610441450        353.29581541547503        584.63970892852478       0.15920693373206701        9.3709576412908044E-002   6.5497320269845213E-002
   0.0000000000000000       0.56770837656249995        0.0000000000000000        140.45171185593540        357.26325331337438        587.93854469845235       0.16112597275661855        9.4682822450186860E-002   6.6442879647836114E-002
   0.0000000000000000       0.57031254296874989        0.0000000000000000        142.63167735517126        361.23411759980178        591.24659884534685       0.16306349880899360        9.5665414010623659E-002   6.7397672810795423E-002
   0.0000000000000000       0.57291670937499994        0.0000000000000000        144.82239783236190        365.20769460412106        594.56387858222138       0.16501912757317286        9.6657142296397172E-002   6.8361523859302553E-002
   0.0000000000000000       0.57552087578125000        0.0000000000000000        147.02349119523873        369.18330405346882        597.89040548306411       0.16699246775022603        9.7657794756363742E-002   6.9334248045809330E-002
   0.0000000000000000       0.57812504218749994        0.0000000000000000        149.23457021981815        373.16037693379133        601.22627951119057       0.16898317639737120        9.8667175766191259E-002   7.0315649003041159E-002
   0.0000000000000000       0.58072920859374999        0.0000000000000000        151.45525457363212        377.13832912714309        604.57157271899905       0.17099087382632860        9.9685071429020999E-002   7.1305522867215587E-002
   0.0000000000000000       0.58333337499999993        0.0000000000000000        153.68519018638915        381.11652237156846        607.92629410578502       0.17301511756587995       0.10071125091459035        7.2303664320590433E-002
   0.0000000000000000       0.58593754140624998        0.0000000000000000        155.92400931989908        385.09430120600109        611.29042433492452       0.17505542452330961       0.10174544771775715        7.3309853933093055E-002
   0.0000000000000000       0.58854170781249993        0.0000000000000000        158.17131522911492        389.07092823556025        614.66386440092663       0.17711122265014378       0.10278732550057264        7.4323853733662099E-002
   0.0000000000000000       0.59114587421874998        0.0000000000000000        160.42674523612146        393.04575225751375        618.04656189742298       0.17918197751222983       0.10383658425923808        7.5345426043825908E-002
   0.0000000000000000       0.59375004062499992        0.0000000000000000        162.68997596160779        397.01823635886058        621.43852382248519       0.18126718962957483       0.10489295772240888        7.6374334366370922E-002
   0.0000000000000000       0.59635420703124997        0.0000000000000000        164.96070842761409        400.98786308400980        624.83977626201556       0.18336639883865724       0.10595621826628181        7.7410339982089668E-002
   0.0000000000000000       0.59895837343749991        0.0000000000000000        167.23867980610288        404.95416552943851        628.25038867755973       0.18547920708228879       0.10702619558742058        7.8453205184945765E-002
   0.0000000000000000       0.60156253984374997        0.0000000000000000        169.52361806947872        408.91668125213721        631.67038749170206       0.18760512266878793       0.10810264587172276        7.9502678430259030E-002
   0.0000000000000000       0.60416670624999991        0.0000000000000000        171.81525303970491        412.87495965621895        635.09977107535758       0.18974359728044621       0.10918527726550002        8.0558501167648774E-002
   0.0000000000000000       0.60677087265624996        0.0000000000000000        174.11330905191846        416.82857289658682        638.53851771773896       0.19189400142784832       0.11027375316502956        8.1620391535632941E-002
   0.0000000000000000       0.60937503906249990        0.0000000000000000        176.41750913234685        420.77711309478002        641.98658446732293       0.19405563832409881       0.11136769467283765        8.2688051060634538E-002
   0.0000000000000000       0.61197920546874995        0.0000000000000000        178.72762120901930        424.72022107529341        645.44396303328767       0.19622790100088996       0.11246678289122554        8.3761197644254076E-002
   0.0000000000000000       0.61458337187499990        0.0000000000000000        181.04343960844483        428.65758483746339        648.91065421005987       0.19841021854355234       0.11357072976074885        8.4839551958351411E-002
   0.0000000000000000       0.61718753828124995        0.0000000000000000        183.36479116825623        432.58887081919278        652.38669103537188       0.20060199087325239       0.11467919523034792        8.5922839924626737E-002
   0.0000000000000000       0.61979170468750000        0.0000000000000000        185.69152709568749        436.51376884877499        655.87211723565781       0.20280261752856354       0.11579183418319920        8.7010787471618153E-002
   0.0000000000000000       0.62239587109374994        0.0000000000000000        188.02349527478384        440.43204571378953        659.36693728383591       0.20501149299166282       0.11690832958981712        8.8103105177901403E-002
   0.0000000000000000       0.62500003749999999        0.0000000000000000        190.36055859212149        444.34350762058995        662.87114902689416       0.20722800853255932       0.11802836771548862        8.9199499019018941E-002
   0.0000000000000000       0.62760420390624994        0.0000000000000000        192.70259017887838        448.24809312196760        666.38471126387606       0.20945159076053310       0.11915174260834650        9.0299645920397964E-002
   0.0000000000000000       0.63020837031249999        0.0000000000000000        195.04948154221557        452.14577102132080        669.90758144863423       0.21168166169252217       0.12027824372501925        9.1403220740282745E-002
   0.0000000000000000       0.63281253671874993        0.0000000000000000        197.40115793832720        456.03644525726060        673.43975875822798       0.21391760995849199       0.12140755840897430        9.2509925849383431E-002
   0.0000000000000000       0.63541670312499998        0.0000000000000000        199.75756327346696        459.92003733832769        676.98124561390057       0.21615881260172437       0.12253935404354083        9.3619462774947135E-002
   0.0000000000000000       0.63802086953124992        0.0000000000000000        202.11865021658286        463.79642031033802        680.53206372902093       0.21840459143659693       0.12367319261024419        9.4731532334843035E-002
   0.0000000000000000       0.64062503593749998        0.0000000000000000        204.48439722089890        467.66551744347998        684.09223162220621       0.22065428011429086       0.12480865976421640        9.5845835961721346E-002
   0.0000000000000000       0.64322920234374992        0.0000000000000000        206.85480591740426        471.52736963501303        687.66174431621016       0.22290726716569281       0.12594545092000109        9.6962069471167103E-002
   0.0000000000000000       0.64583336874999997        0.0000000000000000        209.22991623208321        475.38203786985025        691.24060466234903       0.22516293371339105       0.12708324667554438        9.8079936008541008E-002
   0.0000000000000000       0.64843753515624991        0.0000000000000000        211.60983195042010        479.22961470811424        694.82882599099071       0.22742066080754947       0.12822172748394423        9.9199154764033667E-002
   0.0000000000000000       0.65104170156249996        0.0000000000000000        213.99465459829159        483.07022980251907        698.42641491138522       0.22967983409745429       0.12936058217641125       0.10031943495874820     
   0.0000000000000000       0.65364586796874991        0.0000000000000000        216.38447384239100        486.90401520088432        702.03337948508351       0.23193984383151336       0.13049949213542833       0.10144047986436397     
   0.0000000000000000       0.65625003437499996        0.0000000000000000        218.77938822916457        490.73120858285841        705.64970275049336       0.23420008485725688       0.13163817838493916       0.10256197205685887     
   0.0000000000000000       0.65885420078124990        0.0000000000000000        221.17949016686956        494.55216439013088        709.27533527459275       0.23645995662133665       0.13277640666726126       0.10368356521876668     
   0.0000000000000000       0.66145836718749995        0.0000000000000000        223.58491601575025        498.36717838319765        712.91025989233776       0.23871886386176322       0.13391390672452849       0.10480494406790641     
   0.0000000000000000       0.66406253359374989        0.0000000000000000        225.99583456671769        502.17651787094309        716.55447791403515       0.24097622138860733       0.13505038130684965       0.10592582858765748     
   0.0000000000000000       0.66666669999999995        0.0000000000000000        228.41246535557181        505.98040544125791        720.20802772615571       0.24323143488611423       0.13618551794911163       0.10704592187542855     
   0.0000000000000000       0.66927086640625000        0.0000000000000000        230.83507466859868        509.77902238208759        723.87098058544416       0.24548390668744513       0.13731898475670745       0.10816492632253827     
   0.0000000000000000       0.67187503281249994        0.0000000000000000        233.26390589997564        513.57267640079294        727.54336090712695       0.24773306530475533       0.13845048433674823       0.10928256152872681     
   0.0000000000000000       0.67447919921874999        0.0000000000000000        235.69920052402475        517.36173977357419        731.22517597865181       0.24997836437440568       0.13957974246026419       0.11039854869317101     
   0.0000000000000000       0.67708336562499993        0.0000000000000000        238.14121684894357        521.14666681189090        734.91640153015476       0.25221922902327654       0.14070646300941633       0.11151266725086809     
   0.0000000000000000       0.67968753203124999        0.0000000000000000        240.59022534728226        524.92796679273033        738.61699776634180       0.25445508635536762       0.14183035070588942       0.11262471807022642     
   0.0000000000000000       0.68229169843749993        0.0000000000000000        243.04652543954185        528.70608388472738        742.32696944176575       0.25668541061187150       0.14295113383996461       0.11373445324580032     
   0.0000000000000000       0.68489586484374998        0.0000000000000000        245.51043652193258        532.48146173297255        746.04633123877306       0.25890969554734167       0.14406855045860359       0.11484162033305774     
   0.0000000000000000       0.68750003124999992        0.0000000000000000        247.98229350530178        536.25461321352407        749.77511585562297       0.26112748043008471       0.14518236136564452       0.11594590483435237     
   0.0000000000000000       0.69010419765624997        0.0000000000000000        250.46244977298980        540.02606643971308        753.51336052550107       0.26333832068515495       0.14629233544410977       0.11704699212403463     
   0.0000000000000000       0.69270836406249992        0.0000000000000000        252.95127034781675        543.79633778697837        757.26108181440293       0.26554174221267829       0.14739823533057389       0.11814464178813165     
   0.0000000000000000       0.69531253046874997        0.0000000000000000        255.44914099947957        547.56595042784807        761.01829657530254       0.26773728269027974       0.14849982727875688       0.11923862659473569     
   0.0000000000000000       0.69791669687499991        0.0000000000000000        257.95650291360391        551.33537630106719        764.78501377219072       0.26992451194452649       0.14959685027775935       0.12032877388608833     
   0.0000000000000000       0.70052086328124996        0.0000000000000000        260.47380486024269        555.10511768331105        768.56124585054658       0.27210300326507497       0.15068905946134442       0.12141490733302690     
   0.0000000000000000       0.70312502968749990        0.0000000000000000        263.00146650509663        558.87573254016536        772.34701326418633       0.27427233122476663       0.15177623959873901       0.12249680843679168     
   0.0000000000000000       0.70572919609374996        0.0000000000000000        265.53992816491052        562.64782878925291        776.14234361624119       0.27643206365314654       0.15285820204169420       0.12357425932024459     
   0.0000000000000000       0.70833336249999990        0.0000000000000000        268.08965493480548        566.42215083664303        779.94728711778521       0.27858172796298003       0.15393483077578415       0.12464701624225304     
   0.0000000000000000       0.71093752890624995        0.0000000000000000        270.65111517885060        570.19939215597208        783.76188372680417       0.28072088778230103       0.15500598298717297       0.12571485647137270     
   0.0000000000000000       0.71354169531249989        0.0000000000000000        273.22478499088686        573.98015937216780        787.58615742539064       0.28284918150206428       0.15607147780215117       0.12677760223922122     
   0.0000000000000000       0.71614586171874994        0.0000000000000000        275.81113137320511        577.76502850525435        791.42012354185294       0.28496623237421109       0.15713110434096203       0.12783506566739500     
   0.0000000000000000       0.71875002812500000        0.0000000000000000        278.41060133238943        581.55449082382643        795.26377826471571       0.28707165366353649       0.15818458756503800       0.12888705338829173     
   0.0000000000000000       0.72135419453124994        0.0000000000000000        281.02367685470045        585.34912160800218        799.11713431464625       0.28916510165105958       0.15923171787089815       0.12993339354242081     
   0.0000000000000000       0.72395836093749999        0.0000000000000000        283.65085450975079        589.14956546564406        802.98022746566323       0.29124623967249547       0.16027233634797397       0.13097391779763989     
   0.0000000000000000       0.72656252734374993        0.0000000000000000        286.29270111962666        592.95652440988829        806.85308023748757       0.29331485068588720       0.16130633891855786       0.13200851763297047     
   0.0000000000000000       0.72916669374999998        0.0000000000000000        288.94984614100503        596.77076969226312        810.73571142939704       0.29537081616786720       0.16233368252663816       0.13303713378672877     
   0.0000000000000000       0.73177086015624992        0.0000000000000000        291.62285080718198        600.59299203479031        814.62815290827825       0.29741391072852291       0.16335425774671045       0.13405965181752047     
   0.0000000000000000       0.73437502656249998        0.0000000000000000        294.31225316112415        604.42383208271701        818.53043861501374       0.29944387794230087       0.16436793391312352       0.13507593458376638     
   0.0000000000000000       0.73697919296874992        0.0000000000000000        297.01853055689651        608.26395594607743        822.44263803906858       0.30146035247601788       0.16537452330235772       0.13608581415315979     
   0.0000000000000000       0.73958335937499997        0.0000000000000000        299.74212924008651        612.11402623396964        826.36483731181522       0.30346291872935827       0.16637381085655545       0.13708910449864209     
   0.0000000000000000       0.74218752578124991        0.0000000000000000        302.48358766959154        615.97470690709667        830.29708776124164       0.30545132258482743       0.16736567263602006       0.13808567926708973     
   0.0000000000000000       0.74479169218749997        0.0000000000000000        305.24347067939487        619.84666589877042        834.23943166736831       0.30742535366602775       0.16835001082041939       0.13907543594157301     
   0.0000000000000000       0.74739585859374991        0.0000000000000000        308.02240283549276        623.73051777398086        838.19190513155547       0.30938493409711054       0.16932679397822842       0.14005825083658455     
   0.0000000000000000       0.75000002499999996        0.0000000000000000        310.82102696320089        627.62687257107632        842.15454108095128       0.31133001860270765       0.17029600926791630       0.14103400933312465     
   0.0000000000000000       0.75260419140624990        0.0000000000000000        313.63991848782644        631.53638386282455        846.12738707493463       0.31326043863798386       0.17125757676016345       0.14200261575258222     
   0.0000000000000000       0.75520835781249995        0.0000000000000000        316.47965272146678        635.45971389593763        850.11049090609583       0.31517602099693259       0.17221141650552585       0.14296398823509388     
   0.0000000000000000       0.75781252421874989        0.0000000000000000        319.34082980161810        639.39760725235840        854.10388589883053       0.31707648985172626       0.17315744341103784       0.14391812580578414     
   0.0000000000000000       0.76041669062499995        0.0000000000000000        322.22404637531679        643.35079526070353        858.10760871929631       0.31896159736576879       0.17409557705631673       0.14486502267529677     
   0.0000000000000000       0.76302085703125000        0.0000000000000000        325.12989533044612        647.31992672429317        862.12170568491513       0.32083121916780410       0.17502575902064246       0.14580461614177509     
   0.0000000000000000       0.76562502343749994        0.0000000000000000        328.05895601247965        651.30564031711890        866.14623012167874       0.32268526127642916       0.17594793253971072       0.14673683507902213     
   0.0000000000000000       0.76822918984374999        0.0000000000000000        331.01175550645229        655.30852567015086        870.18126084281062       0.32452374014268226       0.17686204343590081       0.14766154719495395     
   0.0000000000000000       0.77083335624999993        0.0000000000000000        333.98884387737286        659.32918536926911        874.22686759582689       0.32634664435016209       0.17776804242176292       0.14857865203955528     
   0.0000000000000000       0.77343752265624999        0.0000000000000000        336.99080490374922        663.36825653679989        878.28310972766837       0.32815387839922283       0.17866589537642236       0.14948809964200982     
   0.0000000000000000       0.77604168906249993        0.0000000000000000        340.01825511060872        667.42637805083109        882.35002690448448       0.32994535928671959       0.17955555654423150       0.15038987526000652     
   0.0000000000000000       0.77864585546874998        0.0000000000000000        343.07188073497150        671.50421090997918        886.42761766712044       0.33172098395876098       0.18043695773268678       0.15128404088172490     
   0.0000000000000000       0.78125002187499992        0.0000000000000000        346.15231824152647        675.60239145002254        890.51591492587431       0.33348067697256623       0.18131006023569218       0.15217060757765619     
   0.0000000000000000       0.78385418828124998        0.0000000000000000        349.26016729554152        679.72153367139492        894.61497908627587       0.33522440352202815       0.18217483685359626       0.15304955202877998     
   0.0000000000000000       0.78645835468749992        0.0000000000000000        352.39596616977411        683.86223079359331        898.72490910853310       0.33695211481019316       0.18303132321192692       0.15392078534712633     
   0.0000000000000000       0.78906252109374997        0.0000000000000000        355.56017992782256        688.02504971620158        902.84585035125053       0.33866376013424065       0.18387961746692455       0.15478414246411815     
   0.0000000000000000       0.79166668749999991        0.0000000000000000        358.75336213691338        692.21057935096042        906.97789703252579       0.34035931232006500       0.18471975000652949       0.15563956231353548     
   0.0000000000000000       0.79427085390624996        0.0000000000000000        361.97610440236639        696.41941624793242        911.12111075052758       0.34203875189393484       0.18555172169635792       0.15648703019757695     
   0.0000000000000000       0.79687502031249990        0.0000000000000000        365.22908912151485        700.65217523203819        915.27554421783168       0.34370211323168076       0.18637547557794892       0.15732663765373184     
   0.0000000000000000       0.79947918671874996        0.0000000000000000        368.51305700933079        704.90948165204895        919.44123550995448       0.34534946171404135       0.18719091749268768       0.15815854422135367     
   0.0000000000000000       0.80208335312499990        0.0000000000000000        371.82863152699127        709.19192457360327        923.61825026429290       0.34698081948233483       0.18799803618298128       0.15898278329935353     
   0.0000000000000000       0.80468751953124995        0.0000000000000000        375.17640371864024        713.50007841445768        927.80666994814862       0.34859620084357468       0.18879684140103470       0.15979935944253998     
   0.0000000000000000       0.80729168593749989        0.0000000000000000        378.55688440141427        717.83450150916428        932.00653066866573       0.35019559966286656       0.18958741930864459       0.16060818035422195     
   0.0000000000000000       0.80989585234374994        0.0000000000000000        381.97055951895629        722.19574244771320        936.21786562478894       0.35177900742149670       0.19036987591853397       0.16140913150296274     
   0.0000000000000000       0.81250001875000000        0.0000000000000000        385.41801440851117        726.58435651102241        940.44074320832988       0.35334645666284836       0.19114423821238929       0.16220221845045910     
   0.0000000000000000       0.81510418515624994        0.0000000000000000        388.89984642395297        731.00089394321742        944.67524040145020       0.35489799011001621       0.19191052444220449       0.16298746566781172     
   0.0000000000000000       0.81770835156249999        0.0000000000000000        392.41668571640338        735.44593064920070        948.92153242046811       0.35643367053017594       0.19266865474289976       0.16376501578727620     
   0.0000000000000000       0.82031251796874993        0.0000000000000000        395.96916319007556        739.92003169682459        953.17978810239686       0.35795356639968862       0.19341856093264698       0.16453500546704167     
   0.0000000000000000       0.82291668437499998        0.0000000000000000        399.55786427789064        744.42373505613136        957.45009033725603       0.35945773321114305       0.19416027457663870       0.16529745863450437     
   0.0000000000000000       0.82552085078124993        0.0000000000000000        403.18337739866905        748.95755660073075        961.73250526331458       0.36094623336536014       0.19489384898818032       0.16605238437717987     
   0.0000000000000000       0.82812501718749998        0.0000000000000000        406.84629381268991        753.52192535333677        966.02700676838322       0.36241913612515508       0.19561944209866153       0.16679969402649358     
   0.0000000000000000       0.83072918359374992        0.0000000000000000        410.54720203336814        758.11729505640528        970.33359790239331       0.36387651525308801       0.19633718157076949       0.16753933368231852     
   0.0000000000000000       0.83333334999999997        0.0000000000000000        414.28669186723425        762.74417123763976        974.65236949250811       0.36531844402132002       0.19704710328401734       0.16827134073730268     
   0.0000000000000000       0.83593751640624991        0.0000000000000000        418.06534419718531        767.40309374779838        978.98341615210575       0.36674500736951804       0.19774923928990434       0.16899576807961370     
   0.0000000000000000       0.83854168281249997        0.0000000000000000        421.88372472808146        772.09469860697516        983.32687032821082       0.36815630911093650       0.19844357773553295       0.16971273137540355     
   0.0000000000000000       0.84114584921874991        0.0000000000000000        425.74240624425488        776.81954994891078        987.68284648210522       0.36955244582156888       0.19913013521924963       0.17042231095904256     
   0.0000000000000000       0.84375001562499996        0.0000000000000000        429.64197352484820        781.57813166855203        992.05142289573064       0.37093351157540383       0.19980897411223486       0.17112454450134509     
   0.0000000000000000       0.84635418203124990        0.0000000000000000        433.58300721468805        786.37087940018944        996.43270019688373       0.37229958369267158       0.20048014496578290       0.17181945362587273     
   0.0000000000000000       0.84895834843749995        0.0000000000000000        437.56608775186504        791.19815011884521        1000.8267901079114       0.37365071832964841       0.20114370085379416       0.17250702534156390     
   0.0000000000000000       0.85156251484374990        0.0000000000000000        441.59179659848365        796.06037108647263        1005.2337933811629       0.37498700201973262       0.20179969694722896       0.17318728804092870     
   0.0000000000000000       0.85416668124999995        0.0000000000000000        445.66072001361374        800.95802610261035        1009.6538081591415       0.37630853486351595       0.20244817709058666       0.17386028852240901     
   0.0000000000000000       0.85677084765624989        0.0000000000000000        449.77343210979126        805.89158560963574        1014.0869107029100       0.37761545849668915       0.20308923316224117       0.17452612404884796     
   0.0000000000000000       0.85937501406249994        0.0000000000000000        453.93050112516403        810.86152930444200        1018.5331630426912       0.37890794387861948       0.20372298231180158       0.17518492782412909     
   0.0000000000000000       0.86197918046874999        0.0000000000000000        458.13250671197846        815.86831989265988        1022.9926541319818       0.38018611557530307       0.20434949381095149       0.17583676864732109     
   0.0000000000000000       0.86458334687499994        0.0000000000000000        462.38002384784886        820.91240691313362        1027.4654837072474       0.38145008353053544       0.20496882571455680       0.17648169408922815     
   0.0000000000000000       0.86718751328124999        0.0000000000000000        466.67368529969042        825.99427596666817        1031.9517616460114       0.38269993415046666       0.20558097441993389       0.17711971168424859     
   0.0000000000000000       0.86979167968749993        0.0000000000000000        471.01413668530995        831.11441724645908        1036.4516042237931       0.38393574460943275       0.20618591766945316       0.17775081278761259     
   0.0000000000000000       0.87239584609374998        0.0000000000000000        475.40197040787137        836.27328030352760        1040.9651125255357       0.38515762821087335       0.20678370546369179       0.17837504444084376     
   0.0000000000000000       0.87500001249999992        0.0000000000000000        479.83777140773890        841.47130253867169        1045.4923854294650       0.38636570498459294       0.20737440125595694       0.17899246388484366     
   0.0000000000000000       0.87760417890624998        0.0000000000000000        484.32200126041232        846.70891969446723        1050.0335400627628       0.38756010979578365       0.20795809817033101       0.17960312180959440     
   0.0000000000000000       0.88020834531249992        0.0000000000000000        488.85512381033476        851.98655888547978        1054.5886924829745       0.38874097980142452       0.20853489391955884       0.18020707349402521     
   0.0000000000000000       0.88281251171874997        0.0000000000000000        493.43771668251378        857.30465255246168        1059.1579503267437       0.38990843077212228       0.20910485087715067       0.18080437509943240     
   0.0000000000000000       0.88541667812499991        0.0000000000000000        498.07038088380739        862.66361747718520        1063.7414147742072       0.39106258195190896       0.20966803462949221       0.18139508925322176     
   0.0000000000000000       0.88802084453124996        0.0000000000000000        502.75385572393185        868.06379779974202        1068.3391432614580       0.39220357214185675       0.21022451581910437       0.18197930021089376     
   0.0000000000000000       0.89062501093749991        0.0000000000000000        507.48884644189400        873.50555512886081        1072.9512069056025       0.39333153338675375       0.21077436502472763       0.18255708968810563     
   0.0000000000000000       0.89322917734374996        0.0000000000000000        512.27593399340310        878.98930443698464        1077.5777147503845       0.39444659581521851       0.21131764796429131       0.18312851291859936     
   0.0000000000000000       0.89583334374999990        0.0000000000000000        517.11568213836495        884.51547688206051        1082.2187893363362       0.39554886492131447       0.21185443636517373       0.18369364115737782     
   0.0000000000000000       0.89843751015624995        0.0000000000000000        522.00856906984427        890.08456267099291        1086.8745957695742       0.39663838327942963       0.21238481692419980       0.18425257715557011     
   0.0000000000000000       0.90104167656249989        0.0000000000000000        526.95511629998714        895.69701824081278        1091.5452790806555       0.39771523291165517       0.21290886539482778       0.18480540205093082     
   0.0000000000000000       0.90364584296874995        0.0000000000000000        531.95592562381455        901.35325261465675        1096.2309445902367       0.39877952870697281       0.21342664955125534       0.18535218657166277     
   0.0000000000000000       0.90625000937500000        0.0000000000000000        537.01158687295595        907.05365752159605        1100.9317078653205       0.39983144914994956       0.21393821758212750       0.18589295212736121     
   0.0000000000000000       0.90885417578124994        0.0000000000000000        542.12270363189612        912.79858580859832        1105.6476833948925       0.40087126606837614       0.21444359023043880       0.18642765339606357     
   0.0000000000000000       0.91145834218749999        0.0000000000000000        547.28987300324127        918.58842414658523        1110.3789847928006       0.40189916193317804       0.21494281400267609       0.18695630864918034     
   0.0000000000000000       0.91406250859374993        0.0000000000000000        552.51368529644333        924.42358456782870        1115.1257411986599       0.40291526681048251       0.21543595675778471       0.18747896721046137     
   0.0000000000000000       0.91666667499999999        0.0000000000000000        557.79473921382441        930.30449339991776        1119.8880313518334       0.40391962185077324       0.21592309345604335       0.18799576021796721     
   0.0000000000000000       0.91927084140624993        0.0000000000000000        563.13363709326291        936.23159522612934        1124.6659028129411       0.40491218870130447       0.21640431089390580       0.18850688647681227     
   0.0000000000000000       0.92187500781249998        0.0000000000000000        568.53098333678270        942.20529077307583        1129.4594562520508       0.40589305213248883       0.21687968024026544       0.18901243864943434     
   0.0000000000000000       0.92447917421874992        0.0000000000000000        573.98738154903685        948.22592154962285        1134.2688024574206       0.40686234085232026       0.21734926116674858       0.18951248138709278     
   0.0000000000000000       0.92708334062499997        0.0000000000000000        579.50345370565174        954.29398754127408        1139.0941465597666       0.40782027541275695       0.21781313474348585       0.19000694978954466     
   0.0000000000000000       0.92968750703124992        0.0000000000000000        585.07982851403983        960.41001805848339        1143.9357288370477       0.40876711889541212       0.21827138570113269       0.19049572920520935     
   0.0000000000000000       0.93229167343749997        0.0000000000000000        590.71711623526244        966.57441939320904        1148.7936893642218       0.40970301094063161       0.21872408206384708       0.19097885731090045     
   0.0000000000000000       0.93489583984374991        0.0000000000000000        596.41592120464236        972.78760580027290        1153.6681515511693       0.41062806424595411       0.21917128900709473       0.19145639980572343     
   0.0000000000000000       0.93750000624999996        0.0000000000000000        602.17686681424300        979.04935404169839        1158.5591242197265       0.41154235313356718       0.21961303596576517       0.19192856741114084     
   0.0000000000000000       0.94010417265624990        0.0000000000000000        608.00057438648992        985.35943307484433        1163.4666072666860       0.41244594152093506       0.22004935000539913       0.19239558377101634     
   0.0000000000000000       0.94270833906249996        0.0000000000000000        613.88766242226939        991.71817656716598        1168.3907202198343       0.41333895311329116       0.22048029129473073       0.19285751223907510     
   0.0000000000000000       0.94531250546874990        0.0000000000000000        619.83873952674730        998.12605369192113        1173.3315993208141       0.41422150729369372       0.22090592474822490       0.19331440074648498     
   0.0000000000000000       0.94791667187499995        0.0000000000000000        625.85431266909802        1004.5844784702491        1178.2894861065711       0.41509368035100408       0.22132634893566572       0.19376621741783304     
   0.0000000000000000       0.95052083828124989        0.0000000000000000        631.93491504394638        1011.0946701859478        1183.2646041730050       0.41595556011908297       0.22174165540574012       0.19421294118220520     
   0.0000000000000000       0.95312500468749994        0.0000000000000000        638.08116674018027        1017.6570175787267        1188.2570839067328       0.41680725946854674       0.22215190606340635       0.19465463659151630     
   0.0000000000000000       0.95572917109375000        0.0000000000000000        644.29372149348592        1024.2717350467840        1193.2670394101860       0.41764891325265335       0.22255715532927497       0.19509136021152385     
   0.0000000000000000       0.95833333749999994        0.0000000000000000        650.57334848126766        1030.9382697715450        1198.2944998399651       0.41848072435982225       0.22295742538354757       0.19552317991906337     
   0.0000000000000000       0.96093750390624999        0.0000000000000000        656.92076997674758        1037.6564222845145        1203.3395367636028       0.41930286346806672       0.22335275400359572       0.19595015799033999     
   0.0000000000000000       0.96354167031249993        0.0000000000000000        663.33661770012509        1044.4266385976337        1208.4022871423547       0.42011543684210084       0.22374319757749034       0.19637234697657985     
   0.0000000000000000       0.96614583671874998        0.0000000000000000        669.82151209047754        1051.2494702482891        1213.4829233865169       0.42091855272629569       0.22412883436838368       0.19678979536401159     
   0.0000000000000000       0.96875000312499993        0.0000000000000000        676.37602058794448        1058.1258667475265        1218.5816955946927       0.42171230142680338       0.22450978337138933       0.19720253992501441     
   0.0000000000000000       0.97135416953124998        0.0000000000000000        683.00075447824668        1065.0564585964878        1223.6987912232880       0.42249678088631515       0.22488612616083406       0.19761062974171578     
   0.0000000000000000       0.97395833593749992        0.0000000000000000        689.69636284520232        1072.0415462225469        1228.8343458212767       0.42327211879014304       0.22525791573435208       0.19801410822549195     
   0.0000000000000000       0.97656250234374997        0.0000000000000000        696.46351822059285        1079.0814240109903        1233.9884547238034       0.42403838096836166       0.22562517403010626       0.19841306939983183     
   0.0000000000000000       0.97916666874999991        0.0000000000000000        703.30292555262247        1086.1762715651985        1239.1611620566639       0.42479559228115682       0.22598788821223739       0.19880764735022122     
   0.0000000000000000       0.98177083515624997        0.0000000000000000        710.21524456791963        1093.3263955006671        1244.3525825133638       0.42554384545879076       0.22634609059854105       0.19919790829206968     
   0.0000000000000000       0.98437500156249991        0.0000000000000000        717.20110507495838        1100.5321786945678        1249.5628773158214       0.42628327949568212       0.22669984245602773       0.19958387217663015     
   0.0000000000000000       0.98697916796874996        0.0000000000000000        724.26114620492683        1107.7939543804066        1254.7921926904176       0.42701402604887828       0.22704919379977678       0.19996556629252718     
   0.0000000000000000       0.98958333437499990        0.0000000000000000        731.39600124440108        1115.1120544245068        1260.0406835441268       0.42773622999074373       0.22739419880745312       0.20034300471306779     
   0.0000000000000000       0.99218750078124995        0.0000000000000000        738.60629708813713        1122.4868106931926        1265.3085142463992       0.42845004999100911       0.22773491625584374       0.20071618771419319     
   0.0000000000000000       0.99479166718749990        0.0000000000000000        745.89265411929932        1129.9185550527875        1270.5958587416892       0.42915565851677095       0.22807140952085750       0.20108510177447853     
   0.0000000000000000       0.99739583359374995        0.0000000000000000        753.25568608969445        1137.4076193696153        1275.9029006619871       0.42985324183249179       0.22840374657752530       0.20144971957513305     
   0.0000000000000000       0.99999999999999989        0.0000000000000000        760.69599999999969        1144.9543355099995        1281.2298334393497       0.43054299999999995       0.22873199999999999       0.20180999999999996     
